1	2
3	4
3	5
6	7
8	9
10	11
12	13
14	15
16	17
18	19
20	19
6	21
22	23
24	23
25	23
22	26
24	26
27	26
28	6
29	30
6	31
32	33
34	35
36	37
38	37
39	37
10	40
41	40
41	42
43	44
45	46
46	47
46	48
49	50
51	50
51	52
53	54
55	56
57	58
59	60
61	60
62	63
64	65
66	67
68	69
70	71
72	71
73	74
75	76
77	76
76	78
79	78
80	81
82	83
77	84
85	86
87	88
70	89
74	89
90	91
70	92
93	92
94	95
96	97
98	99
100	99
101	102
103	102
104	102
105	106
107	108
109	110
111	110
112	113
98	114
115	116
117	118
119	120
121	122
123	124
125	124
126	127
128	127
129	130
128	130
131	132
133	134
135	134
136	137
138	137
139	133
131	133
140	141
142	141
142	143
144	145
146	147
148	149
150	151
142	151
152	153
154	155
154	156
98	154
157	158
159	158
160	161
162	163
164	165
166	140
167	140
166	168
167	168
133	169
150	170
134	171
172	173
174	175
176	177
178	179
180	179
181	182
180	182
183	184
183	185
186	187
188	187
189	190
191	192
193	192
194	195
196	197
22	198
199	198
200	201
202	203
202	204
107	205
107	206
207	208
209	210
1	211
212	213
214	213
215	213
212	216
217	216
218	219
220	221
222	221
223	218
222	218
224	225
226	227
227	228
229	230
228	230
231	232
233	234
164	235
164	236
237	236
235	236
164	238
235	238
164	239
164	240
241	242
243	242
55	244
245	244
246	247
248	36
249	250
250	251
252	253
98	254
87	255
256	257
258	259
260	259
261	262
263	262
252	264
263	264
265	266
267	268
43	269
98	270
22	271
198	271
22	272
22	273
22	274
198	274
275	274
276	277
278	279
280	279
121	281
121	282
22	196
199	196
22	283
284	285
199	286
284	287
275	287
288	199
289	290
289	291
289	292
293	292
289	294
98	295
296	297
298	297
299	296
300	301
98	302
252	303
304	303
305	306
70	307
307	308
309	308
308	310
311	310
308	312
313	314
311	314
307	311
315	311
98	316
98	317
318	317
270	319
320	321
322	323
324	323
325	323
322	326
327	326
325	326
328	329
328	330
123	331
322	332
324	332
333	324
334	327
322	335
327	335
325	335
325	336
331	325
325	337
338	339
123	339
123	334
25	334
322	340
324	340
322	341
324	341
123	342
343	344
345	344
343	346
347	346
348	349
98	350
98	351
352	353
354	355
356	355
357	358
359	358
360	361
362	363
359	363
360	364
365	364
366	367
368	367
359	367
369	370
371	370
107	372
373	374
375	374
376	373
377	373
378	379
380	379
381	378
368	378
379	382
383	384
385	354
380	354
386	357
387	357
388	389
381	389
376	390
389	391
392	393
393	394
395	394
396	392
383	392
396	385
383	385
397	398
398	399
400	399
401	402
400	402
403	400
404	400
400	405
406	407
405	407
408	409
405	409
405	410
411	412
405	412
405	260
400	413
414	411
403	411
415	416
417	418
157	419
420	419
421	422
98	423
424	423
423	318
318	425
426	425
427	426
428	429
430	431
431	432
433	432
430	433
190	427
427	434
98	435
436	437
427	437
435	438
427	438
434	439
434	440
98	441
246	442
443	444
433	445
446	447
446	448
446	449
98	450
425	450
317	451
425	451
452	59
369	59
453	454
455	454
453	456
455	456
453	457
455	457
456	458
456	459
456	460
461	462
463	464
465	466
467	468
227	469
228	469
468	470
471	472
473	474
475	476
98	477
478	479
98	480
481	480
425	482
483	484
485	486
486	487
488	487
486	489
490	489
486	491
492	485
493	164
494	495
495	496
493	496
278	497
1	497
497	498
369	499
499	500
98	501
502	503
503	504
505	504
503	506
507	506
503	508
509	510
510	511
510	512
513	505
514	515
516	517
518	519
509	520
521	502
521	522
523	524
525	524
521	526
509	527
518	528
529	507
521	529
530	531
530	532
530	533
509	534
512	535
536	537
511	538
511	539
540	539
70	541
541	542
543	542
541	544
545	544
536	546
547	548
549	550
548	551
552	551
548	553
554	553
537	555
556	555
555	557
558	557
559	557
555	560
561	560
562	560
523	563
564	565
565	566
567	566
557	568
569	570
520	571
537	572
572	573
515	574
520	575
521	513
507	576
505	577
567	578
579	580
547	581
582	583
584	583
514	585
586	587
584	587
546	588
588	589
537	558
537	561
590	591
592	593
510	540
594	595
594	596
597	598
250	599
600	601
602	603
604	602
605	606
98	607
608	607
609	610
611	610
612	613
98	614
615	614
616	617
125	618
125	619
620	621
187	622
623	624
625	626
34	627
628	629
630	631
22	632
633	632
22	634
635	636
471	637
638	637
639	640
641	640
639	642
119	643
119	644
645	646
342	647
333	648
649	650
651	652
653	652
654	655
656	657
655	658
659	660
80	661
662	661
663	664
665	666
667	668
160	669
666	670
160	671
666	672
673	674
675	674
510	676
536	556
556	559
556	562
677	265
677	678
265	678
665	43
667	679
43	680
43	681
682	683
683	684
685	686
687	115
115	688
689	690
690	691
692	693
694	121
420	695
696	697
28	698
8	699
700	701
107	702
107	703
704	705
8	706
707	708
700	709
87	710
711	712
713	714
530	715
716	717
12	352
718	719
720	721
721	722
723	724
725	726
727	728
687	729
730	731
107	732
107	733
734	735
453	736
176	736
725	737
738	739
740	741
738	742
8	743
8	744
713	677
745	746
747	748
749	750
751	752
453	753
707	754
90	755
85	756
87	757
32	758
668	759
760	759
723	759
679	761
760	761
762	761
763	764
707	765
766	767
455	768
769	768
453	770
176	770
107	771
734	772
734	773
734	774
775	776
107	777
749	778
90	779
780	781
782	783
183	784
183	785
786	787
734	788
87	789
654	790
791	792
87	793
794	795
780	796
786	797
183	798
725	799
183	800
707	801
802	803
734	804
805	806
707	807
725	808
107	809
810	811
183	812
813	814
453	815
176	815
816	817
818	819
819	820
819	821
821	822
823	824
823	825
32	826
769	827
740	828
829	830
831	830
832	830
810	833
32	834
32	835
28	836
453	837
176	837
453	838
176	838
786	839
840	841
842	843
782	844
8	845
846	847
763	848
420	849
453	850
176	850
6	851
852	853
854	855
856	857
858	857
856	859
860	861
860	862
863	862
862	864
860	865
866	865
860	867
868	867
860	869
453	870
176	870
246	871
872	873
846	872
874	875
875	876
875	877
875	878
875	879
107	879
875	880
200	880
875	881
200	881
882	883
884	885
886	887
842	888
176	889
846	890
891	892
893	894
786	895
107	896
734	897
763	898
899	900
899	901
886	902
786	903
183	904
905	906
840	906
886	907
8	908
734	909
910	911
107	912
453	913
176	913
453	914
176	914
704	915
6	916
21	917
916	917
916	918
919	920
455	921
769	921
687	667
922	923
176	893
107	924
707	925
90	926
183	927
928	927
823	929
700	930
107	931
176	932
453	933
176	933
8	934
107	935
700	936
87	937
763	938
246	939
794	940
107	941
823	942
943	944
944	945
107	945
700	946
730	947
8	948
704	949
157	950
453	951
176	951
144	952
207	953
207	954
207	955
956	957
87	958
87	959
960	961
961	962
962	12
962	963
146	963
961	964
964	965
818	965
964	966
967	968
153	969
961	146
455	970
971	970
246	174
972	973
974	975
973	976
973	977
891	978
976	979
28	980
813	981
982	983
980	984
6	985
6	986
802	987
763	988
707	989
87	990
763	991
992	993
886	994
453	995
176	995
996	997
905	810
810	998
999	1000
157	1001
420	1001
763	1002
1003	1004
763	1005
1005	1006
1003	1007
1003	1008
107	1009
107	1010
453	1011
1003	1012
1013	1014
1014	1015
654	1015
1014	1016
654	1016
1014	1017
818	1017
453	1018
455	1018
886	1019
763	1020
730	1021
246	1022
763	1023
886	1024
725	1025
704	1026
704	1027
28	1028
90	1029
707	1030
973	1031
8	846
1032	1033
1032	1034
1034	1035
1034	1036
200	1037
420	1038
453	1039
176	1039
1039	126
1039	1040
1040	1041
1040	1042
1040	1043
1040	1044
1040	1045
1040	1046
128	1046
1046	1047
1048	1049
1046	1050
1039	1048
1039	1051
90	1052
1052	1053
1053	1054
1053	1055
1052	1056
87	1057
763	1058
1059	1060
1060	1061
992	1061
1039	1062
90	1063
453	1064
176	1064
8	1065
176	1066
749	1067
107	1068
453	1069
176	1069
8	1070
654	1071
840	1072
905	1073
8	1074
905	1075
840	1075
805	1076
842	1077
455	1078
769	1078
1013	1079
654	1079
1080	1081
420	1081
157	1082
1083	1082
1084	1085
1085	1086
1085	1087
1085	1088
1085	1089
1085	1090
1085	1091
1085	1092
1085	1093
1085	1094
1085	1095
1085	1096
1085	1097
1085	1098
1085	1099
1085	1100
1085	1101
1085	1102
1085	1103
1085	1104
1085	1105
886	1106
1107	1108
1109	1110
87	1111
780	1112
420	1113
763	1114
176	1115
1116	1117
1118	1119
1120	1119
1121	1122
1123	1122
1123	1124
1125	1126
1126	1127
1128	1129
1129	1130
1129	1131
694	1132
1133	1134
1135	1136
1135	1137
1133	1138
1139	1140
1141	1142
129	128
1143	1144
1145	1146
694	1147
1147	1148
1149	1150
1147	1149
1149	1151
1146	1152
1147	1152
1146	1153
1153	1154
1153	1155
1117	1156
1145	1156
625	1157
1145	1157
1158	1159
1158	1160
1146	1158
1157	1158
1158	1161
1146	1162
1157	1162
694	685
685	1163
685	1164
694	1165
1166	1167
1167	1168
1169	1170
1171	1172
1173	1172
1174	1175
1176	1174
1177	1178
55	1179
1180	1179
1181	1182
1177	1183
1184	1185
1186	1187
1186	1188
1186	1189
1190	1191
1192	1193
1194	1193
1195	1196
1197	1198
1195	1199
1197	1200
1201	1202
119	1203
119	1204
1165	1205
233	1206
119	1207
689	1208
119	1209
1210	1211
1211	1212
1213	635
635	1214
1215	1216
1217	1218
1219	1220
1221	1220
1219	1222
1223	1224
1225	1224
1220	1226
1227	1228
1229	1230
1231	1232
1233	1234
1235	1236
1233	1237
1238	1237
1232	1239
1240	1241
1232	1241
98	1242
98	1243
98	1244
1245	1244
441	1246
1247	1248
98	1249
1250	1251
1247	1251
1252	1253
1250	1254
1247	1254
1250	1255
1247	1255
1250	1256
1247	1256
1250	1257
1247	1257
98	1258
1259	1260
1261	1262
1263	1264
1262	194
1263	1265
1263	1266
1263	1267
1261	267
427	1268
433	1269
1269	1270
429	1270
1271	1272
1261	148
1229	1273
1274	608
98	1275
608	1275
1274	1276
98	615
1276	615
98	1277
1278	1277
1279	1280
1276	1280
1280	1281
1280	1282
1280	1283
1276	222
221	1284
221	1285
1286	1287
1288	1289
1288	1290
1290	1291
1290	1292
1229	1293
1231	1293
1293	1294
1293	1295
1295	1296
1229	1297
105	252
1297	304
1235	1298
1299	1300
1229	1301
1231	1301
98	1302
1303	1304
1305	1306
105	1305
1238	1305
1229	1307
1229	1308
1231	1308
481	1309
1229	1310
1229	1311
1308	1311
1312	1313
1313	475
474	475
1312	473
475	1314
475	1315
475	1316
475	1317
475	1318
1319	109
191	1320
474	1320
191	1321
98	1322
98	1323
1324	1323
98	1325
98	1326
98	1327
350	1327
1261	1328
1261	1329
1330	1331
98	1330
98	1332
98	1333
98	1334
98	1335
98	1336
1337	1338
1339	1340
1319	1340
1339	1341
98	1342
1312	1342
98	1339
1312	1339
1342	191
473	191
1342	1343
1342	193
98	1344
98	1345
1319	1345
98	1346
1319	1346
1223	1347
1348	1347
1349	1350
1231	1351
100	1352
1353	1352
100	111
1353	111
1354	605
1348	1355
98	1356
1357	1358
1288	1358
1359	212
1360	1361
1362	1361
1361	1363
1361	1364
20	1365
1366	1367
1366	1368
20	1368
20	1369
1370	1371
1372	1373
1372	1374
1370	1375
1370	1376
1370	1377
1378	1379
1380	1381
1381	1382
1383	1384
1385	1384
1386	1387
1385	1387
1388	1387
1389	1390
1389	1391
1392	1391
1393	1394
1395	1394
1396	1397
1395	1397
212	1398
1399	1400
1401	1402
1402	1403
1403	1404
1405	1404
1375	1406
1405	1407
1380	1408
1409	1410
1411	1412
1401	1413
1414	1415
1416	1417
1392	1417
1418	1419
1420	1419
1421	1422
1423	1422
1421	1424
1423	1424
1421	1425
1423	1425
1421	1426
1423	1426
1427	1428
1429	1430
1431	1432
1432	1433
1434	1433
1435	1436
1434	1436
1437	1436
1438	1439
1440	1441
1442	1441
1443	1441
1444	1445
1440	1446
1440	1447
1442	1447
1440	1448
1442	1448
1449	1448
1440	1450
1451	1450
1451	1452
1439	1453
1420	1454
1455	1456
1457	1458
1434	1459
1460	1461
1460	1462
1460	1463
376	1464
1464	1465
1465	1466
1467	1466
376	1468
1469	1470
1471	1472
1465	1472
376	1473
1465	1473
376	1474
1465	1474
1465	1475
1475	1476
276	1476
1475	1477
276	1477
388	1478
1464	1479
1480	1481
356	1481
376	381
64	381
1482	1483
371	1484
381	1485
396	1486
1485	1486
396	1487
1485	1487
376	1488
1485	1488
381	371
1489	1490
1489	1491
376	1492
371	1492
381	362
381	1493
381	380
380	1494
381	1495
376	396
392	1496
376	368
1497	1498
359	1498
368	375
368	1499
1499	1500
1499	1501
1502	1503
1502	1504
369	1504
1504	1505
1506	1507
1508	1507
386	1507
1509	1507
1507	1510
1507	1511
1512	1511
1513	1514
1508	1514
1515	1516
1517	162
93	162
1516	1518
162	1518
162	1519
1520	564
1520	1521
1520	1522
1523	1524
1523	70
1523	1525
1520	1526
564	582
1526	582
1522	1527
1526	1527
1521	586
1526	586
1528	123
45	123
1520	523
564	567
523	567
1522	590
523	590
1521	1529
523	1529
288	1530
1531	1530
22	284
198	284
237	1532
1533	1532
288	1534
383	1534
1520	518
564	1535
518	1535
1521	1536
518	1536
630	280
1520	1537
1	1537
564	1538
1537	1538
1522	1539
1537	1539
276	278
278	288
1540	288
630	659
125	659
276	494
494	493
1540	493
1541	1542
1543	1542
1541	1544
45	1544
1541	1545
1546	1545
1547	656
1399	633
656	633
656	1548
656	1549
1550	1551
656	1551
1551	1552
1551	1553
1551	1554
1551	1555
1551	1556
1551	1557
1551	1558
1551	1559
1551	1560
1551	1561
1551	1562
1551	1563
1551	1564
1551	1565
1551	1566
1551	1567
1551	1568
1551	1569
1551	1570
1551	1571
1572	1573
1572	1574
1572	1575
1574	1576
1548	1577
1572	1577
1548	1578
1547	1579
1579	1580
1547	1581
1582	1583
1547	1583
1581	1584
1418	1584
640	1585
1586	1585
1587	1585
1581	1588
1589	1588
1590	1591
1592	1593
1594	1595
1581	1596
1596	1597
1598	1599
1600	1599
1601	1602
1597	1602
1596	1603
1581	1604
1604	1605
1606	1607
1604	1608
1607	1608
1609	1608
1610	1611
172	1612
1613	1614
1581	1615
1616	75
1617	1618
1617	1619
1620	1621
1621	1622
1621	1623
1624	1625
76	1626
1627	1626
1628	1629
1630	1629
1631	1632
1631	1633
1633	1634
1635	1636
1635	1637
1627	1638
1638	1639
1640	1639
1638	1641
1642	1643
1643	1644
490	1644
490	1645
76	1646
488	1647
1648	1649
1648	1650
1627	1628
1628	1651
1640	1651
1628	1652
1653	1654
1655	136
136	1656
488	1656
1655	1657
1657	1658
1657	1659
488	1659
490	1660
1661	1662
1663	1664
49	38
49	51
1665	51
51	1666
51	1667
51	1668
1669	1668
49	1670
38	1671
1671	1672
1672	1673
1674	1673
1673	1675
471	1676
1673	1676
1671	1677
1674	1677
38	1678
1679	1678
1680	1678
1582	1681
1547	1681
38	1682
38	1683
57	1683
1	1683
1684	1685
1683	1685
1598	34
34	1686
1687	1686
1688	1689
1690	1689
1686	1691
1692	1693
1372	1694
1598	1694
1695	1696
1697	1696
1694	1698
1697	1699
1697	1700
1701	1702
1697	1702
1702	1703
1698	1704
1704	1705
1697	1705
1704	1706
1707	1706
1708	1706
1697	1609
1606	1609
1709	1710
1711	1712
1694	1713
1711	1713
1713	1714
1607	1715
1713	1715
1716	1717
1718	1719
1687	1719
1720	1721
1722	1721
1399	1427
1399	1723
1724	1416
1416	1725
1392	1409
1726	1727
1728	1729
77	1730
1730	1731
1730	1732
1707	1732
1733	1732
1734	1732
1440	1735
1442	1735
1420	1735
1736	1737
1738	1739
1740	1739
1620	1741
1742	1743
1610	1744
1745	1746
1747	1746
1746	1748
1749	1748
1746	1749
1749	1750
1392	1751
1399	77
1752	1753
1754	1755
1399	1756
1757	1756
1758	1759
1760	1761
1762	241
1763	1764
1765	1764
1763	1766
1765	1766
1767	1768
1762	1769
1770	1771
1770	1772
57	1773
1774	1775
57	1776
1777	1778
1779	1778
415	1780
1781	1782
1783	1784
1785	1783
1786	1787
1787	1788
1783	1789
1790	1789
1791	49
1792	49
1793	49
1794	1795
1796	1797
1796	1798
1796	248
1796	1799
1799	1800
1799	1801
1802	1801
1799	1803
1679	1803
1794	1804
1804	1805
1806	1807
1794	1808
1809	638
1795	638
1806	1810
1794	1810
623	1811
1811	1812
1813	1814
1815	1814
1584	1816
64	1816
623	249
1817	1818
1819	1820
397	1821
397	1822
397	1823
1479	1824
1825	1824
1	1826
1826	1827
1828	1829
1830	1831
188	1831
187	1832
471	1833
1834	1833
1579	1835
1834	1835
1836	1837
10	1838
227	16
369	1839
452	1839
1839	1840
60	1840
1841	61
227	61
92	1842
1843	1844
60	1844
1845	1846
1847	1848
61	1848
1849	1850
1851	1850
1852	66
1846	549
470	1853
467	1854
1854	1855
1855	1856
1855	1857
230	1858
1854	1858
230	1859
1854	1859
1860	1861
1841	1862
356	1862
1862	359
359	1863
1864	1865
1863	1865
359	360
609	1866
1866	406
1867	1868
1869	1870
406	1871
609	135
1872	135
135	1873
132	1874
135	1874
131	1875
1875	1876
1876	1877
1878	1879
315	1880
68	1845
1523	1881
376	1882
1882	1883
404	1884
1885	1886
516	1886
119	1887
98	320
854	760
1888	630
1116	625
1	1889
1890	1891
1146	1892
1157	1892
1117	1893
1894	786
1895	818
119	689
854	723
483	1896
1897	600
777	775
747	1898
157	1899
420	1899
999	1900
842	1901
832	1902
119	547
1052	1903
1142	1904
1905	1906
1907	1758
138	1908
1829	1909
1910	1911
1133	1912
791	157
791	1913
1913	1080
1083	1914
86	1915
1916	1917
98	1918
1028	1919
854	762
1920	1921
1922	1923
90	1924
1925	1926
1925	1927
1928	1718
1929	1720
727	1930
866	858
1931	868
1932	1933
1305	1934
758	1935
90	1936
1937	1938
791	1939
1940	1941
98	436
98	1942
436	1942
98	1943
1319	1943
1663	1944
152	1945
1946	1947
1687	1948
1949	1948
666	1950
1168	1173
1945	1951
1945	1952
43	1953
73	1954
359	1954
846	1032
1955	1956
1166	55
1046	1957
1040	1958
874	910
1923	813
28	813
810	1959
1960	1959
278	1961
207	1962
1963	1962
964	152
964	967
852	1964
183	1965
1053	1966
1117	1967
1936	1968
707	1969
453	1970
176	1970
176	1971
246	1972
872	1973
975	1974
256	1975
1177	1975
453	1976
176	1976
352	1977
1978	1979
471	1979
1980	1981
98	1982
1326	1982
98	1983
1326	1983
1984	1985
1192	1985
1194	1985
832	1986
1192	1986
1192	1987
1194	1987
1176	1988
1192	1988
1194	1988
1989	1990
1991	1990
688	1992
688	1993
1125	1994
1125	1995
1125	1996
1120	1997
1998	1999
452	1999
1928	1687
1427	2000
2000	2001
121	1107
1913	2002
420	2002
75	79
1694	2003
1687	2003
1949	2003
200	2004
107	2005
922	2006
420	2007
794	2008
107	2009
874	2010
1077	2011
791	420
107	2012
707	2013
174	2014
654	2015
973	2016
2017	2018
852	2019
32	2020
886	2021
977	2022
152	2023
734	2024
818	2025
32	2026
745	2027
420	2028
453	2029
176	2029
2030	2031
183	2032
763	2033
90	2034
745	2035
453	2036
455	2036
1003	2037
453	2038
455	2038
200	2039
157	2040
2041	2040
121	2042
734	2043
1083	2044
1083	2045
455	2046
769	2046
1410	2047
1410	2048
694	829
1758	2049
2050	1411
2050	2051
34	1688
75	492
1627	1640
75	1655
1427	1655
79	138
1655	138
492	488
1655	488
2052	488
75	1642
79	2053
1642	2053
492	490
1642	490
78	2054
1646	2054
1653	2055
2056	2057
1640	2058
2059	2058
1627	2059
1643	2060
2053	2060
2053	2061
2053	2062
1687	2063
1686	2064
2065	2066
2067	2068
2067	2069
1433	1440
2070	2071
1431	1434
1431	2072
2073	1442
1435	2074
1431	2075
1434	2076
2075	2076
2067	2077
2068	2078
2077	2078
2069	2079
2077	2079
2079	2080
2079	2081
1743	2082
1743	2083
2084	2085
1434	2086
2087	1819
2088	1819
2089	2090
2091	1219
1520	2092
1520	525
2093	525
1520	2094
1581	2095
1791	2096
1601	2097
98	2098
98	2099
2100	2101
1288	2101
668	2102
1694	2103
1737	1738
2073	2104
623	2105
2106	2107
1726	2108
1724	2108
2109	2110
2111	2112
1663	2113
75	2114
492	2115
2114	2115
276	125
2116	2117
1811	2118
414	2119
1860	2119
1347	2120
875	2121
129	2122
453	2122
1940	2123
1940	2124
1458	2125
816	2126
105	446
446	2127
1843	2128
2129	2130
2131	2132
1631	2133
1650	2133
2134	2135
2136	2135
53	2137
2138	2139
2138	2140
2141	2142
2143	2142
2144	2145
1612	2146
2147	2146
2148	2149
2150	2151
61	2152
2153	2154
2155	2156
2155	2157
2158	2159
1613	2159
2159	2160
2161	2162
2161	2163
2164	2165
14	2166
1117	2167
2168	2169
2168	2170
2171	2172
620	2172
14	2173
620	2174
2175	2176
2177	2176
1793	2178
93	2178
315	2179
92	2180
2181	2180
92	2182
2183	2182
2182	2184
2182	2185
2087	2185
625	2186
315	2187
1581	2188
131	2189
92	2190
2191	2192
359	2192
354	2193
387	2193
373	1825
373	2194
2166	2195
2196	2195
2197	2195
2198	2199
2200	2201
93	2202
2203	2204
2154	2205
1783	2206
2207	2208
1941	2209
2210	2211
1517	2212
595	2212
1813	2213
2214	2215
2216	2215
2216	2217
516	2218
2219	2220
2221	2220
2219	2222
2223	2222
2224	2222
144	831
1897	1791
2225	1791
2226	2227
144	2228
376	2229
1177	1166
2230	1176
2231	2232
2233	2234
2230	2235
256	2236
256	2237
256	1937
2238	2239
2238	2240
1181	2241
1177	2242
2242	2243
2244	1180
2244	2245
2244	2246
55	2247
2245	2247
55	2248
2246	2248
55	2249
2246	2249
55	2250
2246	2250
2251	2252
1177	245
55	2253
2254	2253
2255	2256
1177	2257
2258	1989
2259	2260
2261	2262
2243	2263
1956	2264
1169	2265
832	2266
1197	1195
2233	2267
2267	2268
2238	2269
2270	2271
1194	2271
2272	2273
1991	2274
2251	2272
1991	2272
1956	2275
245	2276
1184	2277
1186	2278
55	2279
245	2279
723	2280
2267	2281
2282	1319
2282	1312
689	1885
2283	1192
1177	2254
241	1763
1762	2284
2285	2284
2285	2286
2287	2288
1767	2288
1767	2289
1767	2290
1763	2291
1774	2292
1774	2293
2294	2295
2294	2296
2297	2298
2297	2299
2297	2300
2297	2301
2302	2303
2304	2305
2303	2305
2303	2306
80	2307
80	2308
80	2309
616	2310
241	2311
2308	2311
81	2312
80	2313
1774	2313
2294	2314
241	2315
2308	2315
2316	2315
241	2317
2308	2317
81	2318
241	2318
241	2319
2309	2319
241	2320
2307	2320
241	2321
2307	2321
243	2322
241	2323
243	2323
2324	616
616	2325
616	2326
241	2327
2302	2327
1774	2328
2329	2328
616	2330
661	2331
2316	2332
2329	2332
2333	1777
2334	2335
1774	2335
2335	2336
2334	2337
2334	2338
2302	2338
973	974
973	891
2339	2340
1440	2341
2342	2341
2072	2343
1735	2344
2345	2346
1763	2346
1210	2347
1141	2347
1217	1223
2348	481
1229	481
1697	2349
1546	2350
1819	2351
2352	2353
1928	2354
1359	217
276	1540
1528	2355
1948	2136
2356	1929
1718	1929
1719	1722
1929	1722
2357	2358
200	2359
2360	2361
1669	1794
2362	2363
694	905
2049	2364
373	2365
305	41
1819	41
305	2366
2163	2367
2162	2368
1581	2369
1608	2369
98	2370
1939	2371
1939	224
98	2372
2373	2374
882	2375
882	2376
875	882
960	1013
1080	2377
2378	453
2379	2380
453	231
176	231
231	2381
1372	1418
1372	1589
2382	2383
874	1894
874	2384
874	2385
1080	1083
420	1083
2002	159
2002	2041
2386	1517
98	2387
1319	2387
2387	2388
2389	246
252	180
1524	2390
93	2390
1525	2391
93	2391
1878	1582
121	144
625	2392
694	2393
2394	2395
2393	2395
625	2396
2395	2396
1120	1121
2397	2398
1682	2399
2400	2399
2401	2402
2399	2403
2399	2404
2405	172
1504	1515
1581	298
1592	2406
298	2406
1584	2407
298	2407
298	2408
2409	2408
172	2147
298	2147
1591	2410
298	2410
1588	2411
298	2411
1595	2412
298	2412
298	2413
2414	2413
1509	2415
1508	2415
98	2416
320	2417
1247	2417
1581	2418
2419	2418
1250	2420
144	2421
2421	943
2421	107
1059	734
1059	992
144	85
85	200
200	2422
144	2339
2339	899
144	738
738	740
738	2423
738	840
144	2424
144	922
922	465
2425	465
952	207
922	207
922	202
144	2426
121	29
29	2427
2427	874
29	1922
1922	28
1922	87
29	8
8	2428
29	2378
2378	176
2378	455
2378	2429
2378	745
121	727
727	960
1895	90
727	972
972	2430
727	2431
2431	183
2431	782
2431	780
727	2432
2432	2389
2432	2433
2258	2433
121	884
884	823
884	766
121	720
720	816
816	1003
720	956
121	2434
687	2435
12	2436
12	2017
2421	711
144	1059
2405	2437
2438	2439
1542	2440
805	2441
2442	2441
471	1978
1903	2443
689	2444
2444	2445
547	2446
1980	2447
2447	2448
453	2449
98	2450
685	2451
654	2452
2453	2454
87	2455
43	2456
2456	2457
2458	2459
98	2460
1288	2460
43	2461
98	2462
2436	2463
246	919
246	687
1149	2464
759	2465
2466	2465
98	2467
2429	2468
1823	2469
927	2470
1980	2471
1572	2472
2386	2472
85	2473
782	2474
727	1931
813	2475
98	2476
886	2477
1949	2478
2479	2480
2481	2482
1592	2483
2483	2484
224	2485
2486	2485
2483	2487
2483	2488
1978	2489
157	2490
420	2490
1581	2084
1584	2491
1584	2492
1584	2493
2084	2494
1592	2495
1597	2496
2084	2497
1581	2498
1581	2499
2499	2500
2499	2501
1604	2502
1592	2503
2504	2409
420	2505
98	2506
107	2507
77	2508
1756	2508
2459	2509
1259	2510
952	2511
922	2511
999	2512
200	2513
107	2514
6	982
971	769
453	971
1116	2515
1116	2516
1117	1118
2515	1118
625	2517
2516	2517
160	2518
121	32
2519	2520
1372	2521
1639	2522
1622	2523
1402	2524
2525	2526
1377	2527
1370	2528
1630	2529
78	1630
1626	1630
1640	1630
1626	2530
2059	2530
2531	2530
1749	2532
2533	2534
2534	2535
2533	1726
2536	1726
1434	2533
2537	2538
1691	2539
84	2540
1376	2541
2528	2541
34	1690
2542	2543
2542	2544
1403	2544
1755	2545
1692	2546
1692	2547
1427	2052
1656	2548
1405	2549
1641	2550
2551	2552
79	2553
1707	2554
1734	2554
2555	2554
2556	2557
2557	2558
1619	2559
1661	2559
2560	2561
2562	2561
1633	2561
1414	2563
2563	2564
2558	2565
1411	2566
1421	2566
2542	2567
2568	2567
1389	2569
2536	1724
1631	2570
1635	2570
1372	2571
2371	2572
2384	2573
98	2574
1327	2574
98	2575
1327	2575
1107	2576
1107	2577
1107	2578
1129	2579
55	1194
2283	1194
43	483
2580	1455
2580	2581
1223	2582
2056	2583
2515	1120
2516	1125
2584	2585
119	1916
119	2586
120	2587
1039	2588
2589	2588
1107	2590
1493	2591
388	2591
659	2592
1581	2592
2593	2594
2595	2594
1328	2595
2596	2597
2595	2597
1165	2258
55	2598
2258	1177
1392	2599
2599	1421
2050	1421
609	139
1418	139
241	1765
1782	1785
1785	1790
1783	2600
1790	2600
2601	2600
2602	229
2602	2603
98	2604
98	2605
2604	2605
186	1828
2606	1828
2607	2608
1909	2609
2214	2609
1909	2610
943	2611
107	2611
1276	2612
1846	2613
1547	2614
98	2615
2615	2616
2615	2617
2618	2619
2620	2619
2618	2621
2622	2621
2616	2623
2617	2623
2223	2623
2617	2624
2625	2624
2617	2626
2220	2626
2623	2620
2222	2620
2616	2618
2616	2622
1351	2622
481	2627
1231	2627
2627	2221
2628	2221
481	2628
2628	2629
1309	2630
2628	2630
481	2631
1309	2224
2627	2224
2629	2224
1711	1716
1711	2632
57	2633
2400	2633
1683	2633
1610	2158
2634	2635
1235	104
2636	2637
1235	2637
694	1116
305	2638
2401	2638
1503	1843
369	1843
119	2639
1339	1337
2640	2641
1119	1123
1120	2589
119	2642
1116	2643
1117	1128
1890	2644
2645	2646
2647	2648
162	2649
16	2650
2651	401
1506	2652
2653	2654
2655	2656
618	649
659	649
123	333
27	333
376	366
1686	2537
43	2657
1261	1263
2658	2659
2659	2660
2661	2662
2459	421
144	2663
2456	2664
2456	2665
2456	2666
2667	2668
2669	2219
2627	2219
481	2669
2630	2625
2629	2223
119	2670
1261	2671
2671	2672
1261	2673
2673	2674
2673	2675
2673	2676
2674	2677
2675	2677
2675	2678
2674	2679
2676	2679
2377	2680
420	2681
2680	2681
2682	2683
1529	2684
1529	2685
1828	117
1258	2686
98	2687
433	2688
98	2689
427	2689
98	2690
98	2691
1231	2691
98	2692
2691	2692
98	2693
2691	2693
1250	2694
1582	2397
98	2695
1142	2696
1142	2697
1056	2698
1828	2699
2700	2701
98	2702
288	2703
1817	2703
49	2704
2316	2705
2362	2706
53	2706
673	2707
433	2708
1517	2709
1516	2710
805	2711
119	2661
927	2712
98	2713
1241	2713
397	2714
164	2715
383	2716
2715	2716
1223	105
98	2717
2718	2719
124	328
619	328
619	2720
659	2720
619	2721
187	2700
278	2722
288	237
2722	237
2723	343
2724	343
107	2725
2726	2727
2728	2729
1890	1847
1890	2730
2485	2731
2091	1221
1235	2732
2733	2732
124	2734
618	2734
98	2735
1677	2736
98	2737
635	2738
2362	2738
1305	2636
2585	1324
2120	2739
98	2740
98	2741
423	2741
354	2742
64	2743
2744	2743
98	2745
2746	2745
1349	1235
1235	2747
1276	2748
2748	1278
2749	1278
2749	2750
1235	2751
252	2733
1276	2752
608	2753
1237	2754
2648	2755
663	2756
119	1920
1920	2757
98	2758
2759	2760
412	2760
694	2761
1418	2762
98	2763
98	2764
98	2765
2766	2348
98	2767
148	2768
2769	2770
98	2771
2772	2773
241	2774
2775	1259
1259	2776
2444	2777
2778	2779
2778	2780
516	2780
2779	2781
2780	2781
2780	2782
2783	2782
2784	2785
1505	1509
1503	1509
98	2786
1897	2787
2788	2789
1516	2790
1509	2790
2791	2792
98	2793
424	2793
1828	2794
66	2795
2796	2797
550	2798
2799	2800
659	2801
2802	2803
2804	2805
516	2806
2807	2808
406	2808
2365	2809
2365	2810
446	2811
1294	2811
446	2812
1295	2812
131	2813
609	2814
98	2815
98	2816
2817	597
2818	597
597	2819
2820	2819
2820	2821
98	2822
1345	2822
98	2823
1276	2823
642	2824
105	1233
1232	1233
105	1274
1286	1274
1542	2825
2826	2825
2827	2828
2827	2829
2830	2831
2831	2832
2833	2832
2834	2835
2673	2836
2470	2837
2712	2837
376	1467
2	1467
320	2838
98	2839
1700	2840
2841	2840
2472	2842
2843	2844
2845	2846
2586	2847
98	2848
2755	2849
927	2850
1339	2851
2707	293
2707	2852
293	2853
293	2854
2855	166
2856	2857
119	2858
2858	2859
2859	2860
186	2718
2719	2861
228	2861
2862	2863
369	377
1910	2864
1911	2865
2866	2865
2864	2865
2864	2867
2868	2867
910	2869
2255	2870
2329	2871
413	2872
2873	2874
1678	2875
1758	2876
1439	2877
1448	2877
2878	2879
2880	2879
2878	2881
2868	2881
2177	2881
98	2882
98	2883
2883	2884
2883	2885
2831	2886
2887	2888
2889	2890
2888	2891
2890	2891
2338	2892
2893	2894
2883	2895
119	516
1319	2896
2897	2898
200	2899
2298	2900
2405	2901
121	1963
1794	2902
1802	2902
2903	2904
2903	2905
608	2906
2907	1471
1802	2908
2908	2909
2910	2909
2911	2912
2913	2914
2911	2914
49	2915
2916	2917
905	2918
656	2919
1	2919
98	2920
2921	2922
761	2923
106	2924
2401	2925
2812	2926
1296	2926
1235	2749
2927	2928
1523	2929
2929	2930
2817	2930
119	2931
98	2932
2933	2934
2935	2936
2890	2936
2890	2937
2936	2938
2891	2939
98	2940
608	2940
776	2941
2942	2943
167	2943
2944	2945
2946	2947
685	1143
119	1143
2930	2948
2949	2948
315	2948
80	2950
1955	2951
2952	2953
1760	1745
1353	2954
105	2955
1310	2955
471	2956
1	2956
2669	2957
105	2958
1307	2958
2586	2959
7	2960
916	2960
98	2961
98	2962
2961	178
2962	181
2963	2964
98	2965
249	2966
457	2967
55	2968
2246	2968
98	2969
2928	2970
1480	1469
98	2971
1250	2972
2973	2974
2975	2974
1806	2976
1793	2977
2003	2978
2136	2978
2003	2979
2136	2979
1661	2980
2113	2980
2541	2981
2147	2982
1689	2983
1056	2984
98	2985
318	2985
98	2986
376	2987
1477	2987
98	2988
98	2989
680	2990
681	2990
98	2991
547	552
2992	2993
1	2993
1979	2994
2956	2994
2995	2994
641	1586
2996	1586
2996	2997
723	2998
760	2999
723	2999
383	1489
371	1489
2873	3000
3001	3002
734	3003
999	3004
999	3005
874	3006
107	3007
107	3008
453	3009
455	3009
1400	3010
973	3011
22	3012
8	3013
2262	3014
2254	3014
98	3015
2224	3015
1223	3016
3017	3016
2912	3018
680	3019
681	3019
2429	713
22	3020
2839	3021
2977	39
1839	3022
3022	3023
1840	3023
3022	3024
2191	3024
2191	3025
2196	3026
98	3027
1305	3027
98	3028
3029	3028
1819	3030
1929	3031
1929	3032
786	996
2304	3033
1779	3033
1762	662
1779	662
1384	3034
3035	3036
659	653
1178	3037
2254	3037
3038	3039
2302	3039
70	2949
2929	2949
92	3040
2949	3040
1961	3041
2723	3041
3042	3043
616	3044
2807	3045
98	3046
98	3047
98	3048
3049	3050
276	3051
654	3052
246	3053
2108	3054
98	3055
2674	3055
1793	3056
92	3057
1504	3058
1523	3058
22	3059
237	3059
285	3060
287	3060
273	3060
3061	3062
3063	3064
98	3065
446	3065
239	3066
174	3067
174	3068
98	3069
252	3069
3070	3071
187	1998
98	3072
98	3073
2674	3073
98	3074
2674	3074
761	3075
22	3076
26	3076
3077	3078
2724	3078
3078	3079
3078	3080
3078	3081
3078	3082
1708	3083
2097	3084
1679	3085
1779	3085
2308	3086
3087	3086
3088	3089
1793	3090
3091	3092
1796	3092
3091	3093
1796	3093
3094	3095
3096	3095
2977	3094
3094	3097
1823	3097
2977	1665
369	3098
386	3098
2657	3099
2657	3100
305	3101
2956	3102
3103	3102
2956	3104
249	604
2105	2826
1897	1793
2787	2728
1793	2728
1701	3105
1708	3105
3106	3107
3108	3107
2138	3109
3110	3111
98	3112
1181	3113
2294	3114
1774	3114
2302	3114
1505	1512
1508	1512
2366	3115
1504	1508
2150	3116
927	3117
661	3118
2723	345
2723	347
345	3119
3120	3121
433	3121
2406	2150
1579	3122
1582	1684
1547	1684
1591	3123
1925	3124
2393	3124
437	3125
453	2379
2830	2887
2887	3126
3127	3126
2887	3128
2833	3128
2783	3129
635	1215
320	3130
2371	3131
2371	3132
2371	3133
2495	3134
3135	2927
1603	3136
453	3137
176	3137
967	3001
430	3138
1588	3139
2454	3140
3141	3142
1259	3143
1342	3144
1518	3145
1519	3145
1519	3146
2285	3147
662	3147
3148	3149
662	3149
662	3150
3151	3150
471	3152
1810	3152
1794	3153
144	3154
174	3155
663	3156
3157	3158
3156	3158
2756	3159
3156	3159
1582	3160
3161	3160
609	131
1581	1590
98	3162
98	3163
1295	3163
2333	3164
1766	3165
662	3165
3166	3167
1506	3168
368	1497
98	3169
2081	3170
852	3171
3172	3173
92	3174
3174	3175
315	3176
315	3177
3178	3177
2841	3179
1615	3180
1372	3181
1747	3181
1723	3182
43	2667
3035	3183
315	3183
1365	3184
1373	3184
3185	3184
2977	3186
516	3187
3188	3189
3183	3190
3183	3191
3192	3191
1609	3193
315	3194
3195	3194
1701	3196
1836	3197
852	3198
852	3199
852	3200
852	3201
852	3202
852	3203
1671	3204
618	3205
618	3206
1531	3206
98	3207
608	3207
3208	3209
381	3210
1890	3211
3212	3213
854	3214
727	1109
3215	96
227	96
1579	3216
1117	3217
1939	2486
483	3218
383	3219
359	3219
10	3220
1794	3091
1802	3091
376	3221
368	3221
1819	3222
368	3223
160	675
3224	3225
3225	3226
1223	1238
1231	1238
1399	1709
492	1707
22	24
45	24
24	3227
376	3228
98	3229
45	25
45	27
1493	3230
2591	3231
1107	3232
3233	3234
3235	641
90	3236
119	2783
1305	3237
1827	3238
1618	3239
1661	3239
861	3240
1812	3241
2118	3241
250	3242
98	3243
1427	1736
960	1895
623	2088
2435	854
2435	3244
1166	2283
1991	2283
2433	1991
3245	3246
1288	209
1287	3247
98	3248
1276	3248
98	3249
1276	3249
1427	1742
77	1742
482	3250
453	3251
176	3251
1754	3252
3252	3253
3254	3253
627	3255
1686	3255
35	3256
1686	3256
2637	3257
1516	3258
1508	3258
64	3259
630	628
2724	628
172	3260
2419	3260
1328	3261
1329	3261
1526	584
2094	584
518	3262
2094	3262
518	3263
2485	3264
119	3265
3265	3266
3267	3266
1916	3268
3269	3270
3271	3272
81	3273
241	3273
2309	3273
2252	3274
2252	3275
1780	3276
1780	3277
2683	3278
3279	3278
51	3280
3281	3282
3282	3283
2845	3283
49	3284
1800	3284
3285	3284
3286	3284
3166	3287
119	3288
1885	3289
1139	3290
1139	3291
1139	3292
2779	3293
1888	1550
1516	3294
3295	3296
675	3296
2003	3297
3298	3299
3298	3300
161	3301
2744	3302
2880	3302
200	3303
2858	2802
376	3304
494	3304
2987	3304
668	3305
759	3306
3305	3306
759	3307
723	2466
2093	2723
2944	3308
2419	1890
2159	1890
2419	3309
2510	3310
471	3311
98	3312
1678	3313
2909	3313
3309	3313
100	3314
605	3314
3315	3316
1547	3317
641	3318
1707	3319
2531	3319
1655	3320
2772	3321
3322	3323
2569	3324
3325	2992
1508	3326
3294	3326
119	3327
381	3328
1467	3328
431	3329
424	3329
2791	3330
98	3331
2589	3332
98	3333
1305	3333
2807	2889
2996	3334
1573	3335
98	3336
666	160
376	3166
369	3166
1245	2746
1261	3337
70	3035
604	3192
3035	3192
1506	471
2722	2724
2724	3338
1533	3338
2722	1533
494	3339
2231	3340
1192	3340
1194	3340
90	3341
1935	3342
90	3343
107	3344
3345	3346
3226	3347
3348	3347
2408	3349
2408	3350
3351	3352
611	3353
119	3354
1461	3355
1461	3356
1441	3357
1439	3358
1441	3358
1463	3359
1463	3360
1758	1399
2049	1949
1399	1949
1928	1598
1399	1598
2158	1836
1547	1836
1359	1380
1399	1380
1610	1547
1949	1760
77	1734
1276	3361
1950	3362
160	3362
1665	3363
2728	3363
504	3364
3362	3364
1671	3365
1678	3365
1502	3366
823	3367
98	3368
1241	3368
98	3369
1241	3369
98	3370
1241	3370
98	3371
1241	3371
98	3372
1241	3372
2318	3373
625	3374
98	3375
105	3375
98	3376
919	3377
66	2975
65	2796
1464	1480
2907	3378
43	682
380	395
379	387
381	3379
2744	3379
376	2744
1465	2744
481	3380
1829	3049
93	3381
3382	3383
57	3384
2290	3384
1794	3385
1802	3385
156	3386
2401	3387
57	3388
1827	3388
2400	3388
1683	3388
57	3389
2400	3389
1683	3389
57	3390
2400	3390
1683	3390
1671	3391
1682	3391
2400	3391
38	1674
3392	3393
3394	3393
2977	3393
39	3395
186	3396
2405	3397
2166	2203
3348	2203
3398	2203
927	3399
2667	3400
452	2933
1862	2933
919	3401
28	3402
2933	3403
359	3403
59	3404
2933	3404
3001	3405
829	3406
2444	2834
905	3407
2340	2352
899	2352
694	3408
1897	2225
1897	3279
98	3409
2962	220
2961	223
107	3410
199	275
98	3411
1679	2910
1802	2910
2337	3412
2003	2134
2136	2134
3413	3414
1813	3415
216	3416
119	3417
846	3418
2421	3419
3420	3421
3422	3423
3424	3425
3424	3172
1572	2843
3426	2843
3427	3428
1910	2868
3429	1869
68	3430
3431	3432
3431	3433
3434	3435
3436	3437
3438	3348
3439	3348
3438	2196
3440	2196
2613	1851
1849	1851
639	1587
2996	1587
642	2855
2997	2855
1587	2855
3441	2153
1523	93
2386	93
3442	93
1523	2817
3426	2817
1881	592
2817	592
579	3443
3443	3444
315	3444
3445	3444
1574	3446
2472	3446
1574	3447
2843	3447
1576	3448
2843	3448
1575	3449
2843	3449
14	3398
3450	3451
1845	3452
1845	2210
3430	2210
2200	3235
2200	3453
1524	3454
2817	3454
70	315
2817	315
1525	3455
2817	3455
1573	3456
2472	3456
1573	3457
2843	3457
15	3458
3398	3458
15	3459
3235	3460
92	3461
786	3462
107	3463
2080	3464
3465	3464
2066	1444
2065	1429
2065	3466
2071	3467
3468	3469
3470	3471
3472	3473
1734	3474
453	3475
176	3475
2300	3476
1698	1695
2097	20
1402	3477
1734	3477
2571	1378
794	3478
1737	1740
34	2556
1698	1701
1698	1697
2003	1697
1698	1708
2103	1708
1698	1606
77	2555
1712	3479
1716	3479
1712	3480
2632	3480
2632	3481
107	3482
1263	3483
420	3484
3485	2830
2830	2833
2830	3127
2261	3486
1213	3487
1738	3488
1738	3489
3490	3491
2144	3492
2129	3493
2129	3494
94	3495
1769	3151
256	3496
1584	3208
707	3497
1418	3498
1418	3499
1380	3499
1589	3500
1380	3500
1589	3501
1606	3502
3498	3502
3500	3503
1606	3504
3501	3504
2362	233
2598	2230
455	3505
971	3505
1738	3506
1826	3507
57	3507
1669	1792
2427	700
1142	3382
98	1240
1349	1240
832	3508
1194	3508
1431	1437
1418	1437
786	3509
832	3510
3511	3512
2470	3513
2850	3513
2470	3514
3117	3514
2485	3515
3267	3516
119	3267
107	3517
107	3518
910	3519
1013	3520
654	3520
818	3521
2430	3522
246	852
763	3523
794	3524
3525	3526
1016	3527
707	3528
107	3529
246	3530
174	3531
1059	3532
823	3533
786	3534
107	3535
852	3536
246	3537
749	3538
107	3539
107	3540
3541	3542
131	3541
683	3543
1749	3544
2634	3545
3545	3546
1794	1796
1796	3547
1506	3548
1807	3548
3549	3548
1810	3550
1796	3550
1809	3551
1796	3551
1796	3552
2287	3553
57	3553
1946	3554
3555	3556
3433	645
1807	3557
471	3557
1794	1809
1810	3558
1810	3559
1796	3559
398	3560
119	3561
3394	3562
3563	3564
98	3565
2744	3566
2880	3566
1885	3567
1261	1303
246	3568
763	3569
654	3570
777	3571
453	3572
176	3572
2430	3413
90	3573
2431	3574
453	3575
176	3575
700	3576
1085	3577
725	3578
200	3579
2458	3580
53	3580
2458	3581
53	3581
2634	53
738	2360
76	2531
3582	3583
2804	3584
2238	1201
119	3585
2003	3586
1886	3587
2606	3588
690	692
516	692
3589	3590
2772	3591
1916	3592
1863	3593
360	3593
1523	3594
1862	3594
93	2181
3594	2181
119	3595
1580	3596
119	3597
1523	3322
3322	3598
1468	3599
381	3599
1916	3600
567	3601
471	3602
1372	3185
1839	2191
3404	2191
1165	2255
1949	1747
1826	2952
3392	2952
1793	3392
144	2425
119	3603
1506	3604
16	3605
98	3606
473	3606
1946	3607
188	3608
471	3608
3604	3608
471	2214
1506	3609
3609	3610
885	3611
1059	3612
1059	3613
3614	3615
2458	3616
53	3616
3610	3617
1822	3618
471	3618
187	3215
452	3619
3619	365
2933	365
369	3620
1999	2726
60	2726
226	356
3299	3621
745	3622
471	3623
3624	3623
3098	3623
369	3624
3625	3626
2963	3627
3621	3627
3628	3625
3430	3440
3403	3629
3404	3630
1665	3631
1810	3632
10	3632
3633	3634
3633	3635
3633	3636
2150	3637
3638	3639
3640	3641
3348	3642
2728	3643
1611	1613
1836	1613
1610	1878
3106	3108
973	3644
2683	3589
1581	3645
176	3646
971	3646
2191	3647
365	3648
119	3649
1686	3650
1688	3651
465	3652
172	3653
2661	3654
3655	3656
107	3657
3001	3658
905	1960
1910	3659
1911	3660
3659	3660
3661	3662
3663	3661
3664	3661
872	3665
8	3666
3667	3668
3668	3669
90	3670
807	3671
807	3672
807	3673
87	3674
960	654
456	3675
456	3676
3345	3677
2030	3678
2030	3679
246	3680
246	3681
246	3682
3682	3683
3682	3684
3682	3685
3681	3686
3681	3687
3681	3688
2044	3689
2044	3690
7	3691
21	3692
31	3693
21	3694
2429	3695
2429	3696
98	3697
3698	3699
3698	3245
1649	3700
116	3701
116	3702
3147	3703
3663	3704
93	3705
3706	3707
3707	3708
3709	3708
1845	2944
2174	3710
70	579
315	3445
579	3445
2088	3711
1508	3712
3398	3713
93	3714
2893	3715
2196	2197
70	2183
315	3716
2183	3716
1502	3717
3717	3718
1579	3719
3720	3721
3720	3722
2392	3723
3555	3724
3724	3725
3394	3726
2602	3726
597	3727
3728	3727
597	3729
3730	3729
3035	3731
1872	3731
3183	3732
3731	3732
3183	3733
315	3734
315	3735
3732	3736
315	3737
3738	3737
3183	3739
3740	3741
3183	3742
3183	3743
3222	3743
3191	3744
3254	3744
2826	3745
3183	3745
3746	3747
3748	3747
315	3749
3750	3749
3183	3746
3751	3746
3030	3752
3183	3752
311	3753
3731	3754
3755	3754
3183	3756
1819	3757
3035	3757
3183	3758
3759	3758
315	3760
315	3761
315	3762
315	3763
92	3764
3765	3766
311	3767
70	3768
70	3769
2817	3770
659	3771
98	3772
1793	3773
2817	3773
92	3774
162	3774
874	3775
98	3776
1278	3776
3777	3070
625	3778
1504	3779
298	3351
1932	3780
858	3780
2002	3781
2041	3782
157	3783
1224	3784
369	3785
119	3786
1581	3161
1804	3787
1791	3787
471	3788
633	3789
2919	3789
1548	3790
2919	3790
1549	3791
2919	3791
2472	3792
2843	3793
3457	3794
3793	3794
1552	3795
1553	3796
1554	3797
1555	3798
1557	3799
1559	3800
1561	3801
1563	3802
1565	3803
1567	3804
1568	3805
1627	3806
2551	3806
483	3807
483	3808
1569	3809
1570	3810
999	3811
369	1864
1864	3812
3813	3814
3094	3815
3815	3816
433	3817
98	3817
3120	3818
433	3818
3120	3819
433	3819
605	3820
98	3821
1014	3822
818	3822
1620	3823
1695	3823
635	3824
3242	3254
3825	3826
3825	3827
521	3828
2826	3829
3216	3830
3719	3830
98	3831
3616	3832
1760	3833
2826	3834
320	3835
2198	3178
1252	94
3836	3837
854	3838
2734	3839
3206	3840
3839	3840
165	3841
3066	3841
164	3842
547	554
3843	3844
659	3845
3846	3845
98	3847
2674	3847
1503	3848
1843	3848
2429	747
858	3849
3850	3849
2289	3851
662	3851
2783	3852
2849	3853
1	3854
1768	3855
662	3855
854	3856
516	3857
2430	3858
2430	3859
3860	3861
2355	3862
1550	3863
3311	3864
2089	3865
98	3866
1241	3866
252	3867
183	3868
973	3869
70	3870
1584	3870
3120	2873
433	2873
3120	3871
433	3871
1504	3872
1765	1767
49	3873
98	3874
1247	3874
3314	3875
162	3876
2790	3877
3876	3877
3876	3878
2229	3879
2862	3879
1535	3880
651	3881
653	3882
371	3883
381	3884
3109	3884
1116	3885
2410	3886
2410	3887
98	3888
70	3889
1588	3889
164	3890
1622	3891
1250	3892
1257	3892
2591	3893
1392	3894
1594	3894
194	3895
194	3896
194	3897
194	3898
3899	3898
1262	3899
1262	3900
194	3901
3900	3901
494	3902
164	3903
3903	3904
3903	3905
3903	3906
1947	3907
3903	3907
2355	3908
3909	3910
3911	3912
3913	3914
164	3915
493	3913
3339	3913
3907	3916
3904	3916
3907	3917
3905	3917
3338	3918
343	3919
2200	3920
3235	2164
3920	2164
376	3921
368	3921
386	3922
1469	3922
3094	3923
3815	3924
3923	3924
98	3925
1678	3926
305	3926
3927	3928
3929	3930
2129	3931
1806	3932
2875	3932
3493	3933
3931	3933
3640	2143
3934	3750
624	3935
2637	3936
3094	3096
3937	3938
3939	1757
2149	3738
1811	1872
2118	3755
1872	3755
1812	1815
1872	1815
3241	3740
3755	3740
1815	3740
3751	3748
133	3940
407	3940
2209	3941
150	3942
2209	3942
3943	3942
3860	3944
3945	3944
1545	3946
3115	3947
98	3948
3949	1770
662	1770
2144	3950
1582	3951
3952	3953
1238	3954
1890	3955
1219	3956
2732	3957
1614	3958
1890	3958
1614	3959
1890	3959
973	3960
1614	3961
2644	3961
3394	3962
3962	3963
662	2131
3393	3964
98	3965
98	3966
3588	3967
1995	3968
3969	3968
1939	3970
2982	3971
376	388
376	3972
71	3973
92	3973
71	3974
315	3974
2789	2653
3865	2653
2090	2653
2592	3975
1794	3976
98	3977
2812	3977
3978	3977
315	3979
3642	3980
2291	3981
662	3981
1779	3982
2517	3969
1125	3969
98	3983
2637	3983
148	2769
1399	1754
3984	3285
2977	1680
1890	3985
473	3986
473	3987
1793	3988
2728	3989
618	3990
1581	3991
157	3992
420	3992
3311	3993
144	3994
3496	3995
823	3996
2911	3997
2484	3998
3637	3998
98	3999
1250	4000
3285	3286
2209	3943
3728	4001
665	461
3408	461
3549	4002
1797	3549
1467	4003
4004	4005
3698	4006
4005	4007
3394	4008
4009	4010
1504	4011
4012	4011
315	4013
4011	4013
1665	4014
89	4015
315	4015
2817	543
93	545
4016	4017
2177	4017
3070	4018
3604	4019
1862	4019
16	4020
3604	4020
61	4020
4021	4022
4023	4024
4025	4024
1117	4026
57	4027
594	4028
89	4029
276	338
383	338
338	3061
338	3063
1808	4030
1795	4030
1829	2607
2794	2607
2088	4031
369	4012
1276	4032
471	4033
2670	4034
2780	4035
3984	4036
4037	4038
253	4039
264	4039
2052	4040
1707	4040
1632	4041
1888	4042
1541	4043
98	4044
4045	4046
1769	4047
662	4047
2667	4048
3290	4049
98	4050
92	3765
3035	3765
4051	4052
3036	4053
3183	4053
2144	4054
315	4055
98	4056
1276	4056
1	4057
471	4057
98	4058
1793	4059
2600	4060
315	4060
98	4061
4062	4063
98	4064
2470	4065
3117	4065
98	4066
2775	4067
3058	4068
93	4068
378	4069
2883	4070
119	4071
2131	4072
1234	4073
1428	4074
1589	4074
1589	4075
4074	4075
1589	4076
4074	4076
241	4077
662	4077
4078	4079
4078	4080
4081	4082
4081	4083
1940	4084
3663	4085
4085	3233
2200	4086
315	4087
315	4088
2391	4089
92	4090
4091	4090
315	4092
4093	4092
92	4094
4095	4094
92	4096
92	4097
92	4098
4099	4100
92	4101
4102	4101
92	4103
92	4104
2196	4104
2196	4105
315	4105
92	4106
315	4107
315	4108
315	4109
1659	4110
2552	4110
1645	4111
2552	4111
4112	4113
4114	4115
2568	4115
1181	4116
2164	4117
639	4118
616	4119
1779	4119
1846	4120
2944	4120
1779	3141
1769	4121
662	4121
4122	2897
4123	4124
1039	4125
4126	4127
3870	4128
3059	4128
2335	4129
662	4129
1584	4130
1836	4130
243	4131
1779	4131
4132	4133
4134	4135
92	4136
3461	4137
4138	4139
662	4139
4132	4140
4141	4142
662	4142
2963	4143
3511	4144
662	4145
3141	4145
662	4146
3141	4146
2346	4147
662	4147
22	4148
2124	4149
23	4150
3311	4151
3628	4152
4153	4154
4155	4156
2316	4157
1779	4157
2259	4158
2294	4159
3348	4160
2197	4161
256	4162
98	4163
1665	4164
2728	4164
107	4165
1307	4166
1293	4167
1308	4167
1308	4168
98	4169
471	4170
471	4171
471	4172
1890	4173
3217	4174
22	4175
98	4176
3169	4176
98	4177
98	4178
214	4179
656	4179
759	4180
2102	4180
3933	4181
628	4182
98	4183
4184	4183
49	4185
415	4185
2787	4185
1665	4185
2787	4186
64	4187
3035	4187
2406	4188
2503	4188
2486	4189
494	4190
3583	4191
3807	4192
379	4193
98	4194
123	4195
4194	4196
4197	4198
4197	4199
619	4200
3719	4201
98	4202
2748	4202
98	4203
98	4204
98	4205
101	4206
98	4206
1301	4206
98	4207
98	4208
98	4209
2173	4210
3398	4210
3628	4211
2963	4212
1911	2880
2868	2177
4213	4214
2893	4215
2208	4216
4217	4216
4218	4091
4218	3195
621	4219
4219	4095
4219	4093
3433	4220
1849	4221
4222	4223
4224	4225
4226	4227
3730	4228
2946	4229
92	4230
3714	4230
2905	4231
3446	4232
4118	4233
4233	4234
2964	4235
4236	4235
4236	4237
2390	4238
2930	4239
3454	4239
2164	4102
2341	4240
