202	2173	0.588
2173	202	0.588
204	901	0.001
901	204	0.001
204	1239	0.004
1239	204	0.004
2174	2175	0.158
2175	2174	0.158
240	56	0.004
56	240	0.004
240	1312	0.167
1312	240	0.167
267	943	0.01
943	267	0.01
267	2176	0.282
2176	267	0.282
2177	2178	0.59
2178	2177	0.59
349	1890	0.015
1890	349	0.015
2179	2180	0.156
2180	2179	0.156
2179	2181	0.018
2181	2179	0.018
2182	2183	0.001
2183	2182	0.001
2182	2180	0.001
2180	2182	0.001
2182	2184	0.015
2184	2182	0.015
2182	2161	0.002
2161	2182	0.002
2182	2185	0.006
2185	2182	0.006
2186	720	0.319
720	2186	0.319
2187	12	0.251
12	2187	0.251
2187	2188	0.001
2188	2187	0.001
2189	2190	0.001
2190	2189	0.001
2189	2191	0.001
2191	2189	0.001
617	1477	0.002
1477	617	0.002
617	2082	0.002
2082	617	0.002
617	1602	0.001
1602	617	0.001
617	2084	0.003
2084	617	0.003
639	1586	0.002
1586	639	0.002
639	1594	0.002
1594	639	0.002
639	1423	0.003
1423	639	0.003
646	1586	0.001
1586	646	0.001
2192	2193	0.011
2193	2192	0.011
511	296	0.711
296	511	0.711
741	2194	0.357
2194	741	0.357
2195	2193	0.013
2193	2195	0.013
2195	2196	0.025
2196	2195	0.025
2195	2197	0.013
2197	2195	0.013
2195	2198	0.005
2198	2195	0.005
2199	2200	0.014
2200	2199	0.014
2199	665	0.108
665	2199	0.108
2199	666	0.001
666	2199	0.001
2199	2201	0.014
2201	2199	0.014
2199	1250	0.005
1250	2199	0.005
2199	681	0.108
681	2199	0.108
2199	682	0.001
682	2199	0.001
2200	665	0.018
665	2200	0.018
2200	2202	0.014
2202	2200	0.014
2200	681	0.018
681	2200	0.018
695	2203	0.187
2203	695	0.187
795	2204	0.002
2204	795	0.002
795	1702	0.003
1702	795	0.003
943	1289	0.009
1289	943	0.009
664	115	0.192
115	664	0.192
664	123	0.23
123	664	0.23
664	126	0.2
126	664	0.2
976	38	0.004
38	976	0.004
976	344	0.259
344	976	0.259
746	16	0.343
16	746	0.343
746	139	0.325
139	746	0.325
1008	13	0.176
13	1008	0.176
1008	1432	0.35
1432	1008	0.35
1013	2205	0.339
2205	1013	0.339
2206	1983	0.062
1983	2206	0.062
2207	1142	0.001
1142	2207	0.001
797	2115	0.006
2115	797	0.006
2208	2209	0.015
2209	2208	0.015
2210	2184	0.001
2184	2210	0.001
2210	2185	0.002
2185	2210	0.002
1209	383	0.011
383	1209	0.011
1258	872	0.002
872	1258	0.002
1258	922	0.001
922	1258	0.001
154	345	0.351
345	154	0.351
154	2211	0.162
2211	154	0.162
2212	2213	0.008
2213	2212	0.008
2212	2214	0.008
2214	2212	0.008
2213	2215	0.022
2215	2213	0.022
2213	2216	0.013
2216	2213	0.013
2213	2217	0.037
2217	2213	0.037
2213	2218	0.008
2218	2213	0.008
1317	1583	0.001
1583	1317	0.001
1317	1589	0.001
1589	1317	0.001
665	666	0.001
666	665	0.001
665	2202	0.109
2202	665	0.109
665	2201	0.018
2201	665	0.018
665	682	0.001
682	665	0.001
665	2219	0.015
2219	665	0.015
666	2202	0.001
2202	666	0.001
666	2220	0.021
2220	666	0.021
666	681	0.001
681	666	0.001
415	1610	0.038
1610	415	0.038
415	1358	0.166
1358	415	0.166
1332	361	0.008
361	1332	0.008
514	2221	0.325
2221	514	0.325
799	2222	0.007
2222	799	0.007
799	2223	0.002
2223	799	0.002
416	246	0.159
246	416	0.159
416	2164	0.178
2164	416	0.178
1394	1222	0.673
1222	1394	0.673
155	2224	0.012
2224	155	0.012
155	2225	0.003
2225	155	0.003
155	2226	0.01
2226	155	0.01
696	2227	0.001
2227	696	0.001
696	1998	0.276
1998	696	0.276
1419	1474	0.006
1474	1419	0.006
1419	527	0.379
527	1419	0.379
1419	1319	0.001
1319	1419	0.001
1419	2119	0.004
2119	1419	0.004
2228	1898	0.214
1898	2228	0.214
2229	2230	0.002
2230	2229	0.002
2231	1783	0.386
1783	2231	0.386
206	1602	0.001
1602	206	0.001
2232	257	0.001
257	2232	0.001
1267	2205	0.339
2205	1267	0.339
2233	2234	0.033
2234	2233	0.033
2233	2235	0.174
2235	2233	0.174
2233	2236	0.012
2236	2233	0.012
2237	2238	0.004
2238	2237	0.004
2204	803	0.002
803	2204	0.002
2204	805	0.001
805	2204	0.001
2204	815	0.007
815	2204	0.007
2204	816	0.003
816	2204	0.003
2204	2239	0.005
2239	2204	0.005
2204	822	0.002
822	2204	0.002
2204	1724	0.002
1724	2204	0.002
2204	834	0.008
834	2204	0.008
2204	836	0.002
836	2204	0.002
2204	839	0.001
839	2204	0.001
2204	872	0.004
872	2204	0.004
2204	878	0.002
878	2204	0.002
2204	1971	0.002
1971	2204	0.002
2204	2219	0.001
2219	2204	0.001
2204	901	0.004
901	2204	0.004
2204	907	0.001
907	2204	0.001
2204	915	0.003
915	2204	0.003
2204	918	0.001
918	2204	0.001
2204	922	0.005
922	2204	0.005
2204	924	0.008
924	2204	0.008
269	2240	0.165
2240	269	0.165
1405	1595	0.006
1595	1405	0.006
1488	1358	0.831
1358	1488	0.831
1489	2241	0.024
2241	1489	0.024
734	2115	0.001
2115	734	0.001
2242	2184	0.008
2184	2242	0.008
2242	2185	0.008
2185	2242	0.008
2242	2243	0.007
2243	2242	0.007
2244	1005	0.53
1005	2244	0.53
1516	309	0.001
309	1516	0.001
685	2245	0.15
2245	685	0.15
685	2246	0.359
2246	685	0.359
1522	2247	0.001
2247	1522	0.001
1522	2248	0.003
2248	1522	0.003
1522	14	0.004
14	1522	0.004
1522	2249	0.003
2249	1522	0.003
1522	2250	0.003
2250	1522	0.003
92	1871	0.467
1871	92	0.467
1524	1713	0.007
1713	1524	0.007
1524	2251	0.007
2251	1524	0.007
1524	1987	0.02
1987	1524	0.02
1524	1988	0.022
1988	1524	0.022
1524	645	0.002
645	1524	0.002
366	769	0.793
769	366	0.793
1223	1755	0.003
1755	1223	0.003
1223	1263	0.002
1263	1223	0.002
1167	1082	0.001
1082	1167	0.001
1167	1594	0.001
1594	1167	0.001
803	1690	0.002
1690	803	0.002
803	2043	0.016
2043	803	0.016
803	306	0.002
306	803	0.002
803	2252	0.004
2252	803	0.004
803	2115	0.009
2115	803	0.009
803	461	0.004
461	803	0.004
803	1696	0.035
1696	803	0.035
803	1697	0.004
1697	803	0.004
803	1240	0.003
1240	803	0.003
803	1702	0.003
1702	803	0.003
803	2253	0.001
2253	803	0.001
2254	2255	0.279
2255	2254	0.279
2256	815	0.004
815	2256	0.004
2256	2257	0.047
2257	2256	0.047
2256	2258	0.002
2258	2256	0.002
2256	1844	0.004
1844	2256	0.004
2256	2259	0.005
2259	2256	0.005
2256	2260	0.003
2260	2256	0.003
2256	2123	0.013
2123	2256	0.013
2256	898	0.004
898	2256	0.004
2256	1702	0.005
1702	2256	0.005
2256	2032	0.002
2032	2256	0.002
2261	2262	0.007
2262	2261	0.007
2263	783	0.003
783	2263	0.003
1577	2123	0.002
2123	1577	0.002
1438	38	0.006
38	1438	0.006
1474	1685	0.049
1685	1474	0.049
1474	1602	0.004
1602	1474	0.004
2264	1983	0.275
1983	2264	0.275
2265	2266	0.174
2266	2265	0.174
1626	2267	0.001
2267	1626	0.001
1637	2268	0.001
2268	1637	0.001
1585	2269	0.173
2269	1585	0.173
1585	2270	0.217
2270	1585	0.217
805	2271	0.003
2271	805	0.003
805	287	0.021
287	805	0.021
805	758	0.088
758	805	0.088
805	322	0.001
322	805	0.001
805	2222	0.003
2222	805	0.003
160	1927	0.015
1927	160	0.015
2272	2273	0.002
2273	2272	0.002
2274	2191	0.001
2191	2274	0.001
2274	2243	0.001
2243	2274	0.001
2275	2276	0.379
2276	2275	0.379
1634	361	0.14
361	1634	0.14
1713	1760	0.003
1760	1713	0.003
1713	1926	0.004
1926	1713	0.004
1713	1761	0.003
1761	1713	0.003
1713	1762	0.008
1762	1713	0.008
1210	1211	0.008
1211	1210	0.008
2277	1138	0.043
1138	2277	0.043
807	287	0.002
287	807	0.002
2278	2279	0.001
2279	2278	0.001
620	1526	0.072
1526	620	0.072
274	2280	0.157
2280	274	0.157
2281	2282	0.002
2282	2281	0.002
2283	2284	0.001
2284	2283	0.001
1752	2285	0.019
2285	1752	0.019
1225	691	0.279
691	1225	0.279
1756	924	0.019
924	1756	0.019
1211	1216	0.007
1216	1211	0.007
1211	315	0.006
315	1211	0.006
1211	599	0.038
599	1211	0.038
1690	878	0.001
878	1690	0.001
1690	922	0.001
922	1690	0.001
2286	1955	0.001
1955	2286	0.001
2286	2287	0.047
2287	2286	0.047
2286	2288	0.447
2288	2286	0.447
2289	2290	0.013
2290	2289	0.013
2289	2279	0.033
2279	2289	0.033
2291	1986	0.324
1986	2291	0.324
810	306	0.004
306	810	0.004
1618	701	0.409
701	1618	0.409
1618	2292	0.007
2292	1618	0.007
2293	843	0.001
843	2293	0.001
2294	2295	0.289
2295	2294	0.289
2294	2296	0.079
2296	2294	0.079
2295	2296	0.055
2296	2295	0.055
2297	2234	0.006
2234	2297	0.006
2297	2235	0.028
2235	2297	0.028
2297	2236	0.005
2236	2297	0.005
728	306	0.002
306	728	0.002
728	2115	0.018
2115	728	0.018
728	2298	0.004
2298	728	0.004
1763	2043	0.001
2043	1763	0.001
1763	456	0.007
456	1763	0.007
1763	477	0.007
477	1763	0.007
1635	361	0.003
361	1635	0.003
811	334	0.447
334	811	0.447
1766	2194	0.242
2194	1766	0.242
1333	1548	0.01
1548	1333	0.01
1333	1549	0.01
1549	1333	0.01
1333	1667	0.027
1667	1333	0.027
2299	2300	0.011
2300	2299	0.011
2300	2301	0.001
2301	2300	0.001
2300	2302	0.051
2302	2300	0.051
1606	553	0.387
553	1606	0.387
735	1971	0.004
1971	735	0.004
518	940	0.166
940	518	0.166
518	1366	0.239
1366	518	0.239
2303	257	0.001
257	2303	0.001
2304	2305	0.01
2305	2304	0.01
2304	2306	0.007
2306	2304	0.007
2247	2081	0.001
2081	2247	0.001
2247	2082	0.001
2082	2247	0.001
2247	2084	0.001
2084	2247	0.001
1795	2307	0.001
2307	1795	0.001
1797	2308	0.343
2308	1797	0.343
2305	2309	0.018
2309	2305	0.018
2305	2185	0.185
2185	2305	0.185
2305	2310	0.016
2310	2305	0.016
1798	128	0.512
128	1798	0.512
815	287	0.016
287	815	0.016
815	2311	0.002
2311	815	0.002
815	591	0.004
591	815	0.004
816	287	0.001
287	816	0.001
816	2032	0.001
2032	816	0.001
1586	1597	0.006
1597	1586	0.006
1586	1602	0.011
1602	1586	0.011
1703	2290	0.007
2290	1703	0.007
1760	2251	0.003
2251	1760	0.003
1760	1987	0.009
1987	1760	0.009
1760	1988	0.01
1988	1760	0.01
162	2107	0.001
2107	162	0.001
162	477	0.021
477	162	0.021
162	2114	0.001
2114	162	0.001
1691	834	0.001
834	1691	0.001
1691	901	0.001
901	1691	0.001
2312	192	0.15
192	2312	0.15
163	1353	0.369
1353	163	0.369
1075	1153	0.483
1153	1075	0.483
1462	2267	0.003
2267	1462	0.003
2313	2314	0.012
2314	2313	0.012
2313	1726	0.487
1726	2313	0.487
2313	2315	0.05
2315	2313	0.05
1831	2316	0.354
2316	1831	0.354
1831	2317	0.531
2317	1831	0.531
1529	691	0.175
691	1529	0.175
111	1494	0.179
1494	111	0.179
164	1353	0.369
1353	164	0.369
1836	1954	0.01
1954	1836	0.01
1836	1130	0.001
1130	1836	0.001
36	2318	0.168
2318	36	0.168
2319	2320	0.002
2320	2319	0.002
1146	1025	0.329
1025	1146	0.329
1146	1040	0.327
1040	1146	0.327
1146	2321	0.196
2321	1146	0.196
2322	2323	0.018
2323	2322	0.018
2322	1078	0.021
1078	2322	0.021
2322	2324	0.005
2324	2322	0.005
2322	2325	0.64
2325	2322	0.64
1341	2221	0.269
2221	1341	0.269
621	1998	0.183
1998	621	0.183
1480	59	0.084
59	1480	0.084
1480	754	0.172
754	1480	0.172
1860	309	0.002
309	1860	0.002
1860	2267	0.005
2267	1860	0.005
1860	1611	0.009
1611	1860	0.009
1104	686	0.576
686	1104	0.576
1104	2326	0.173
2326	1104	0.173
2327	2328	0.023
2328	2327	0.023
1105	53	0.008
53	1105	0.008
2329	2330	0.014
2330	2329	0.014
1867	1423	0.164
1423	1867	0.164
2331	257	0.001
257	2331	0.001
2332	1915	0.102
1915	2332	0.102
2332	1952	0.251
1952	2332	0.251
774	2152	0.001
2152	774	0.001
2193	2333	0.011
2333	2193	0.011
1684	1705	0.001
1705	1684	0.001
2334	2335	0.008
2335	2334	0.008
2334	257	0.001
257	2334	0.001
1620	2292	0.103
2292	1620	0.103
1847	2033	0.486
2033	1847	0.486
2224	2087	0.003
2087	2224	0.003
2224	189	0.006
189	2224	0.006
2336	1944	0.005
1944	2336	0.005
2336	1945	0.003
1945	2336	0.003
523	530	0.029
530	523	0.029
1076	1724	0.311
1724	1076	0.311
1076	2337	0.006
2337	1076	0.006
1076	2338	0.006
2338	1076	0.006
1076	1969	0.003
1969	1076	0.003
1076	1970	0.002
1970	1076	0.002
1076	1971	0.401
1971	1076	0.401
1532	1358	0.301
1358	1532	0.301
2234	2235	0.1
2235	2234	0.1
2234	2236	0.012
2236	2234	0.012
2234	2339	0.036
2339	2234	0.036
2340	2341	0.085
2341	2340	0.085
2340	2342	0.114
2342	2340	0.114
2323	2343	0.002
2343	2323	0.002
2323	2337	0.001
2337	2323	0.001
2323	2344	0.005
2344	2323	0.005
1917	2267	0.001
2267	1917	0.001
748	1666	0.265
1666	748	0.265
2345	2346	0.103
2346	2345	0.103
2202	2201	0.014
2201	2202	0.014
2202	1250	0.005
1250	2202	0.005
2202	681	0.109
681	2202	0.109
2202	682	0.001
682	2202	0.001
2202	2347	0.001
2347	2202	0.001
2201	681	0.018
681	2201	0.018
1021	342	0.014
342	1021	0.014
283	1630	0.036
1630	283	0.036
283	1631	0.04
1631	283	0.04
283	1632	0.052
1632	283	0.052
283	1560	0.023
1560	283	0.023
283	1633	0.132
1633	283	0.132
38	1440	0.004
1440	38	0.004
38	1441	0.047
1441	38	0.047
38	1445	0.01
1445	38	0.01
38	1446	0.008
1446	38	0.008
2348	686	0.199
686	2348	0.199
2348	2349	0.168
2349	2348	0.168
2350	2351	0.328
2351	2350	0.328
2257	2352	0.002
2352	2257	0.002
2257	2258	0.002
2258	2257	0.002
2257	1227	0.084
1227	2257	0.084
2257	2353	0.213
2353	2257	0.213
2257	2354	0.289
2354	2257	0.289
2257	1523	0.201
1523	2257	0.201
2257	2259	0.003
2259	2257	0.003
2257	907	0.003
907	2257	0.003
2257	2032	0.002
2032	2257	0.002
1170	527	0.001
527	1170	0.001
1672	2355	0.241
2355	1672	0.241
1953	2001	0.001
2001	1953	0.001
1953	2115	0.617
2115	1953	0.617
2269	2356	0.192
2356	2269	0.192
1078	1724	0.161
1724	1078	0.161
1078	2337	0.004
2337	1078	0.004
1078	1970	0.001
1970	1078	0.001
1078	1971	0.208
1971	1078	0.208
212	1776	0.267
1776	212	0.267
212	1329	0.189
1329	212	0.189
2183	2046	0.011
2046	2183	0.011
2183	2043	0.164
2043	2183	0.164
2183	2047	0.011
2047	2183	0.011
2183	2357	0.001
2357	2183	0.001
96	501	0.001
501	96	0.001
2352	860	0.002
860	2352	0.002
2352	2115	0.003
2115	2352	0.003
2352	2123	0.001
2123	2352	0.001
2358	80	0.326
80	2358	0.326
1963	645	0.007
645	1963	0.007
1172	170	0.001
170	1172	0.001
1172	201	0.001
201	1172	0.001
1149	2043	0.001
2043	1149	0.001
1149	456	0.01
456	1149	0.01
1149	477	0.01
477	1149	0.01
1149	2359	0.031
2359	1149	0.031
2360	2361	0.002
2361	2360	0.002
1967	1609	0.148
1609	1967	0.148
1972	1647	0.155
1647	1972	0.155
41	2292	0.16
2292	41	0.16
2362	2363	0.001
2363	2362	0.001
2364	1832	0.299
1832	2364	0.299
2365	2366	0.001
2366	2365	0.001
2365	2367	0.007
2367	2365	0.007
2365	2368	0.11
2368	2365	0.11
1728	398	0.004
398	1728	0.004
342	687	0.046
687	342	0.046
342	1027	0.013
1027	342	0.013
342	2310	0.34
2310	342	0.34
2225	189	0.001
189	2225	0.001
822	287	0.032
287	822	0.032
822	306	0.003
306	822	0.003
822	2252	0.003
2252	822	0.003
822	2369	0.001
2369	822	0.001
822	16	0.009
16	822	0.009
822	1696	0.003
1696	822	0.003
2370	1822	0.006
1822	2370	0.006
824	306	0.001
306	824	0.001
2371	1554	0.49
1554	2371	0.49
825	287	0.001
287	825	0.001
1636	359	0.069
359	1636	0.069
1636	361	0.482
361	1636	0.482
2251	1926	0.004
1926	2251	0.004
2251	1761	0.003
1761	2251	0.003
2251	1762	0.008
1762	2251	0.008
1724	1081	0.217
1081	1724	0.217
1724	1042	0.144
1042	1724	0.144
1724	1083	0.006
1083	1724	0.006
1724	2252	0.001
2252	1724	0.001
1724	1088	0.041
1088	1724	0.041
1724	1089	0.246
1089	1724	0.246
1724	2253	0.001
2253	1724	0.001
826	2372	0.001
2372	826	0.001
826	2373	0.002
2373	826	0.002
826	1697	0.001
1697	826	0.001
2374	751	0.003
751	2374	0.003
2374	759	0.001
759	2374	0.001
2374	768	0.001
768	2374	0.001
1685	1602	0.003
1602	1685	0.003
287	834	0.015
834	287	0.015
287	837	0.002
837	287	0.002
287	872	0.007
872	287	0.007
287	878	0.001
878	287	0.001
287	886	0.001
886	287	0.001
287	901	0.017
901	287	0.017
287	908	0.002
908	287	0.002
287	915	0.002
915	287	0.002
287	918	0.001
918	287	0.001
287	922	0.009
922	287	0.009
623	150	0.112
150	623	0.112
623	1082	0.025
1082	623	0.025
623	1084	0.001
1084	623	0.001
623	1091	0.014
1091	623	0.014
623	2375	0.089
2375	623	0.089
166	1927	0.331
1927	166	0.331
2376	1883	0.001
1883	2376	0.001
2376	2377	0.001
2377	2376	0.001
1779	853	0.364
853	1779	0.364
2378	2217	0.001
2217	2378	0.001
1324	707	0.2
707	1324	0.2
1324	662	0.155
662	1324	0.155
1482	2379	0.004
2379	1482	0.004
700	2380	0.632
2380	700	0.632
2381	1590	0.003
1590	2381	0.003
1908	2382	0.169
2382	1908	0.169
2383	2384	0.172
2384	2383	0.172
2385	215	0.204
215	2385	0.204
527	2386	0.003
2386	527	0.003
527	1194	0.001
1194	527	0.001
2387	2258	0.004
2258	2387	0.004
2387	1844	0.001
1844	2387	0.001
2387	2259	0.002
2259	2387	0.002
2387	887	0.001
887	2387	0.001
2387	1697	0.007
1697	2387	0.007
2387	2388	0.001
2388	2387	0.001
2387	2032	0.005
2032	2387	0.005
2387	2389	0.042
2389	2387	0.042
435	2390	0.287
2390	435	0.287
46	2063	0.444
2063	46	0.444
1548	1336	0.077
1336	1548	0.077
246	59	0.002
59	246	0.002
246	2164	0.158
2164	246	0.158
830	2115	0.004
2115	830	0.004
1413	860	0.002
860	1413	0.002
1413	1239	0.004
1239	1413	0.004
1413	922	0.001
922	1413	0.001
2258	2123	0.001
2123	2258	0.001
2258	2223	0.001
2223	2258	0.001
2391	2392	0.009
2392	2391	0.009
12	239	0.671
239	12	0.671
1642	1150	0.007
1150	1642	0.007
1642	1152	0.023
1152	1642	0.023
1642	1163	0.006
1163	1642	0.006
2196	2333	0.022
2333	2196	0.022
2196	2393	0.001
2393	2196	0.001
47	2394	0.38
2394	47	0.38
1395	229	0.013
229	1395	0.013
1395	1265	0.266
1265	1395	0.266
1934	2268	0.002
2268	1934	0.002
2395	2396	0.001
2396	2395	0.001
248	1848	0.209
1848	248	0.209
1350	1702	0.001
1702	1350	0.001
359	565	0.007
565	359	0.007
2051	1269	0.599
1269	2051	0.599
654	295	0.268
295	654	0.268
2397	471	0.455
471	2397	0.455
2366	59	0.003
59	2366	0.003
1247	2123	0.001
2123	1247	0.001
1247	1697	0.001
1697	1247	0.001
2398	2399	0.001
2399	2398	0.001
2400	62	0.48
62	2400	0.48
1729	2401	0.173
2401	1729	0.173
2402	2403	0.047
2403	2402	0.047
1538	1539	0.164
1539	1538	0.164
1538	2404	0.002
2404	1538	0.002
1538	1544	0.074
1544	1538	0.074
2405	2215	0.017
2215	2405	0.017
2405	2217	0.027
2217	2405	0.027
2405	2218	0.006
2218	2405	0.006
2406	2407	0.202
2407	2406	0.202
2408	2324	0.013
2324	2408	0.013
2408	504	0.485
504	2408	0.485
1909	2382	0.08
2382	1909	0.08
834	2409	0.001
2409	834	0.001
834	306	0.005
306	834	0.005
834	758	0.002
758	834	0.002
834	2252	0.009
2252	834	0.009
834	2410	0.001
2410	834	0.001
834	2253	0.005
2253	834	0.005
1570	348	0.001
348	1570	0.001
1930	2411	0.191
2411	1930	0.191
2046	2290	0.029
2290	2046	0.029
2046	2279	0.016
2279	2046	0.016
1259	1949	0.001
1949	1259	0.001
168	1927	0.034
1927	168	0.034
2238	2412	0.003
2412	2238	0.003
150	627	0.373
627	150	0.373
150	629	0.382
629	150	0.382
1987	1926	0.013
1926	1987	0.013
1987	1761	0.009
1761	1987	0.009
1987	1762	0.025
1762	1987	0.025
671	56	0.006
56	671	0.006
2413	2123	0.001
2123	2413	0.001
377	2012	0.011
2012	377	0.011
1353	1031	0.656
1031	1353	0.656
2197	2333	0.033
2333	2197	0.033
1372	1477	0.001
1477	1372	0.001
2363	2414	0.001
2414	2363	0.001
2363	1955	0.001
1955	2363	0.001
2363	2415	0.004
2415	2363	0.004
2363	2416	0.006
2416	2363	0.006
1150	2043	0.001
2043	1150	0.001
1150	2359	0.031
2359	1150	0.031
2417	2418	0.013
2418	2417	0.013
2417	257	0.001
257	2417	0.001
250	2287	0.249
2287	250	0.249
1111	2419	0.236
2419	1111	0.236
1879	309	0.001
309	1879	0.001
1879	2267	0.008
2267	1879	0.008
1879	2420	0.007
2420	1879	0.007
2421	2422	0.002
2422	2421	0.002
2421	2423	0.001
2423	2421	0.001
2424	54	0.67
54	2424	0.67
2180	2181	0.028
2181	2180	0.028
1385	872	0.001
872	1385	0.001
1844	1696	0.006
1696	1844	0.006
1590	2425	0.004
2425	1590	0.004
2073	448	0.003
448	2073	0.003
251	2060	0.005
2060	251	0.005
579	2426	0.281
2426	579	0.281
52	764	0.183
764	52	0.183
1354	1477	0.001
1477	1354	0.001
836	2252	0.005
2252	836	0.005
836	2427	0.001
2427	836	0.001
1880	309	0.003
309	1880	0.003
1880	2267	0.005
2267	1880	0.005
673	1312	0.286
1312	673	0.286
1441	84	0.006
84	1441	0.006
2428	2377	0.001
2377	2428	0.001
702	2429	0.479
2429	702	0.479
702	1312	0.382
1312	702	0.382
2430	328	0.211
328	2430	0.211
1988	1926	0.015
1926	1988	0.015
1988	1762	0.027
1762	1988	0.027
1319	63	0.001
63	1319	0.001
1319	691	0.001
691	1319	0.001
2431	2432	0.384
2432	2431	0.384
2433	2434	0.001
2434	2433	0.001
2433	2435	0.001
2435	2433	0.001
1989	1617	0.162
1617	1989	0.162
1989	1409	0.157
1409	1989	0.157
839	1414	0.003
1414	839	0.003
839	2252	0.002
2252	839	0.002
839	1696	0.014
1696	839	0.014
839	2436	0.001
2436	839	0.001
839	1702	0.002
1702	839	0.002
529	1571	0.02
1571	529	0.02
529	1572	0.016
1572	529	0.016
840	1696	0.01
1696	840	0.01
840	2222	0.011
2222	840	0.011
2087	2226	0.004
2226	2087	0.004
1981	406	0.476
406	1981	0.476
2437	1263	0.336
1263	2437	0.336
2438	2259	0.084
2259	2438	0.084
2248	2081	0.003
2081	2248	0.003
2248	2082	0.003
2082	2248	0.003
2248	2084	0.003
2084	2248	0.003
841	2184	0.001
2184	841	0.001
118	2439	0.384
2439	118	0.384
118	2440	0.232
2440	118	0.232
13	1902	0.177
1902	13	0.177
2324	1886	0.001
1886	2324	0.001
2290	2372	0.004
2372	2290	0.004
2290	2441	0.001
2441	2290	0.001
2290	2373	0.004
2373	2290	0.004
2434	2442	0.001
2442	2434	0.001
2434	2443	0.001
2443	2434	0.001
1228	1059	0.001
1059	1228	0.001
253	466	0.003
466	253	0.003
1955	2338	0.004
2338	1955	0.004
1955	2444	0.002
2444	1955	0.002
1955	2267	0.023
2267	1955	0.023
295	296	0.615
296	295	0.615
296	298	0.001
298	296	0.001
381	2445	0.037
2445	381	0.037
611	1612	0.454
1612	611	0.454
531	1667	0.005
1667	531	0.005
531	1668	0.006
1668	531	0.006
1217	2043	0.002
2043	1217	0.002
1217	315	0.007
315	1217	0.007
1217	1949	0.003
1949	1217	0.003
1217	599	0.028
599	1217	0.028
382	2446	0.045
2446	382	0.045
2447	2448	0.504
2448	2447	0.504
2449	2450	0.553
2450	2449	0.553
2043	1163	0.001
1163	2043	0.001
2043	1960	0.001
1960	2043	0.001
2043	915	0.011
915	2043	0.011
2451	2452	0.002
2452	2451	0.002
2451	2396	0.003
2396	2451	0.003
56	79	0.161
79	56	0.161
1571	552	0.029
552	1571	0.029
1557	1162	0.48
1162	1557	0.48
1666	600	0.274
600	1666	0.274
2453	2454	0.107
2454	2453	0.107
2455	2279	0.03
2279	2455	0.03
1767	1344	0.035
1344	1767	0.035
1767	1330	0.038
1330	1767	0.038
2456	2287	0.007
2287	2456	0.007
2456	1957	0.007
1957	2456	0.007
1822	2457	0.003
2457	1822	0.003
2215	2458	0.001
2458	2215	0.001
1871	1609	0.036
1609	1871	0.036
688	1887	0.001
1887	688	0.001
703	2190	0.258
2190	703	0.258
703	2459	0.273
2459	703	0.273
1229	1041	0.069
1041	1229	0.069
1229	1046	0.069
1046	1229	0.069
1396	151	0.003
151	1396	0.003
843	1696	0.002
1696	843	0.002
1609	1920	0.165
1920	1609	0.165
301	1647	0.007
1647	301	0.007
1081	1969	0.001
1969	1081	0.001
1081	1970	0.001
1970	1081	0.001
1081	1971	0.278
1971	1081	0.278
2460	1160	0.175
1160	2460	0.175
2009	309	0.002
309	2009	0.002
2009	2267	0.005
2267	2009	0.005
2328	2298	0.035
2298	2328	0.035
2328	2461	0.006
2461	2328	0.006
2268	1454	0.001
1454	2268	0.001
2268	1945	0.001
1945	2268	0.001
1926	645	0.003
645	1926	0.003
1117	1265	0.225
1265	1117	0.225
2010	309	0.005
309	2010	0.005
2010	2307	0.001
2307	2010	0.001
61	79	0.16
79	61	0.16
1572	552	0.023
552	1572	0.023
1120	2462	0.68
2462	1120	0.68
849	306	0.003
306	849	0.003
1151	2250	0.001
2250	1151	0.001
1151	2084	0.005
2084	1151	0.005
2333	2463	0.001
2463	2333	0.001
2333	2198	0.002
2198	2333	0.002
2216	2214	0.013
2214	2216	0.013
306	860	0.046
860	306	0.046
306	872	0.05
872	306	0.05
306	878	0.001
878	306	0.001
306	884	0.001
884	306	0.001
306	886	0.012
886	306	0.012
306	887	0.001
887	306	0.001
306	895	0.002
895	306	0.002
306	901	0.01
901	306	0.01
306	905	0.001
905	306	0.001
306	907	0.001
907	306	0.001
306	908	0.001
908	306	0.001
306	912	0.002
912	306	0.002
306	915	0.002
915	306	0.002
306	918	0.002
918	306	0.002
306	922	0.048
922	306	0.048
1082	2464	0.156
2464	1082	0.156
1082	2375	0.065
2375	1082	0.065
2465	2123	0.001
2123	2465	0.001
2466	2467	0.003
2467	2466	0.003
448	2390	0.287
2390	448	0.287
1549	1550	0.007
1550	1549	0.007
1549	1336	0.077
1336	1549	0.077
1549	549	0.011
549	1549	0.011
538	2468	0.155
2468	538	0.155
707	553	0.24
553	707	0.24
2469	1958	0.218
1958	2469	0.218
1809	2115	0.003
2115	1809	0.003
1594	1195	0.001
1195	1594	0.001
100	591	0.368
591	100	0.368
2184	2188	0.007
2188	2184	0.007
2184	2372	0.012
2372	2184	0.012
2184	2373	0.014
2373	2184	0.014
2184	2470	0.001
2470	2184	0.001
2184	908	0.002
908	2184	0.002
2184	2357	0.016
2357	2184	0.016
2184	2471	0.005
2471	2184	0.005
2184	2472	0.258
2472	2184	0.258
1737	2473	0.01
2473	1737	0.01
1737	2474	0.01
2474	1737	0.01
1774	1775	0.899
1775	1774	0.899
1774	1329	0.001
1329	1774	0.001
2415	2338	0.002
2338	2415	0.002
2415	2416	0.001
2416	2415	0.001
2338	2287	0.002
2287	2338	0.002
2338	2416	0.004
2416	2338	0.004
2475	1137	0.336
1137	2475	0.336
2241	2471	0.002
2471	2241	0.002
1890	2476	0.053
2476	1890	0.053
1595	1597	0.01
1597	1595	0.01
1596	1243	0.003
1243	1596	0.003
853	1781	0.355
1781	853	0.355
1881	2267	0.001
2267	1881	0.001
1414	901	0.001
901	1414	0.001
1414	1239	0.004
1239	1414	0.004
754	18	0.302
18	754	0.302
2344	2477	0.006
2477	2344	0.006
627	2478	0.157
2478	627	0.157
2479	2480	0.001
2480	2479	0.001
2479	2422	0.001
2422	2479	0.001
1423	1616	0.012
1616	1423	0.012
1423	2081	0.007
2081	1423	0.007
1423	2082	0.008
2082	1423	0.008
1423	2083	0.001
2083	1423	0.001
1423	2084	0.007
2084	1423	0.007
1991	2481	0.001
2481	1991	0.001
2482	351	0.336
351	2482	0.336
2483	541	0.254
541	2483	0.254
2483	551	0.174
551	2483	0.174
2484	960	0.181
960	2484	0.181
391	2485	0.367
2485	391	0.367
858	1696	0.001
1696	858	0.001
1882	2267	0.006
2267	1882	0.006
1882	1611	0.01
1611	1882	0.01
1373	1336	0.008
1336	1373	0.008
1373	1576	0.01
1576	1373	0.01
860	2252	0.005
2252	860	0.005
860	1416	0.002
1416	860	0.002
860	16	0.002
16	860	0.002
860	1702	0.004
1702	860	0.004
2486	2487	0.001
2487	2486	0.001
1041	1233	0.069
1233	1041	0.069
309	2090	0.001
2090	309	0.001
309	2012	0.262
2012	309	0.262
309	1884	0.001
1884	309	0.001
309	1885	0.001
1885	309	0.001
309	405	0.202
405	309	0.202
2198	2488	0.003
2488	2198	0.003
1610	661	0.039
661	1610	0.039
1042	1971	0.112
1971	1042	0.112
1083	1971	0.009
1971	1083	0.009
758	901	0.004
901	758	0.004
758	2489	0.186
2489	758	0.186
758	2427	0.205
2427	758	0.205
1415	1239	0.003
1239	1415	0.003
1968	18	0.153
18	1968	0.153
1725	2490	0.015
2490	1725	0.015
1725	2375	0.086
2375	1725	0.086
1761	645	0.001
645	1761	0.001
2491	2492	0.007
2492	2491	0.007
2401	1730	0.01
1730	2401	0.01
2401	1682	0.194
1682	2401	0.194
1518	347	0.346
347	1518	0.346
1518	1959	0.344
1959	1518	0.344
14	2250	0.001
2250	14	0.001
14	2081	0.004
2081	14	0.004
2493	2407	0.014
2407	2493	0.014
2494	2301	0.051
2301	2494	0.051
2494	2302	0.047
2302	2494	0.047
2495	1421	0.003
1421	2495	0.003
1358	1864	0.517
1864	1358	0.517
1358	661	0.166
661	1358	0.166
1358	1534	0.831
1534	1358	0.831
2462	74	0.305
74	2462	0.305
2259	2125	0.001
2125	2259	0.001
2259	1702	0.001
1702	2259	0.001
2259	2389	0.003
2389	2259	0.003
2026	2027	0.001
2027	2026	0.001
2026	2284	0.217
2284	2026	0.217
1769	1344	0.094
1344	1769	0.094
1769	1330	0.104
1330	1769	0.104
2496	2044	0.001
2044	2496	0.001
1597	1602	0.009
1602	1597	0.009
315	1220	0.002
1220	315	0.002
2188	2497	0.002
2497	2188	0.002
2188	2185	0.003
2185	2188	0.003
2498	2499	0.007
2499	2498	0.007
2498	2422	0.001
2422	2498	0.001
2498	2310	0.004
2310	2498	0.004
545	793	0.356
793	545	0.356
2341	2500	0.03
2500	2341	0.03
1739	656	0.003
656	1739	0.003
869	2222	0.001
2222	869	0.001
2372	2185	0.009
2185	2372	0.009
2372	2279	0.016
2279	2372	0.016
629	2478	0.158
2478	629	0.158
1084	2464	0.064
2464	1084	0.064
1084	2375	0.019
2375	1084	0.019
1336	1667	0.207
1667	1336	0.207
2146	18	0.003
18	2146	0.003
1233	1046	0.068
1046	1233	0.068
872	2252	0.005
2252	872	0.005
872	1702	0.003
1702	872	0.003
2499	2480	0.006
2480	2499	0.006
2501	2190	0.001
2190	2501	0.001
2252	878	0.001
878	2252	0.001
2252	1971	0.001
1971	2252	0.001
2252	901	0.008
901	2252	0.008
2252	907	0.002
907	2252	0.002
2252	908	0.001
908	2252	0.001
2252	915	0.006
915	2252	0.006
2252	918	0.002
918	2252	0.002
2252	922	0.007
922	2252	0.007
2252	924	0.011
924	2252	0.011
2115	690	0.25
690	2115	0.25
2115	2185	0.195
2185	2115	0.195
2115	1254	0.046
1254	2115	0.046
2220	682	0.021
682	2220	0.021
257	2502	0.001
2502	257	0.001
2503	2504	0.029
2504	2503	0.029
2503	2505	0.016
2505	2503	0.016
2506	1576	0.25
1576	2506	0.25
2105	1696	0.002
1696	2105	0.002
1485	793	0.61
793	1485	0.61
1485	1576	0.199
1576	1485	0.199
2507	689	0.541
689	2507	0.541
1883	2185	0.003
2185	1883	0.003
1883	2267	0.006
2267	1883	0.006
1883	1611	0.01
1611	1883	0.01
548	793	0.134
793	548	0.134
1740	2473	0.01
2473	1740	0.01
1740	2474	0.01
2474	1740	0.01
2090	2267	0.002
2267	2090	0.002
1416	1239	0.004
1239	1416	0.004
15	2508	0.359
2508	15	0.359
2260	2223	0.003
2223	2260	0.003
2260	2389	0.001
2389	2260	0.001
632	338	0.293
338	632	0.293
2056	2057	0.114
2057	2056	0.114
1741	656	0.005
656	1741	0.005
1220	1949	0.017
1949	1220	0.017
1220	599	0.028
599	1220	0.028
2249	2081	0.003
2081	2249	0.003
2249	2082	0.004
2082	2249	0.004
2249	2084	0.004
2084	2249	0.004
1616	1602	0.002
1602	1616	0.002
2509	557	0.33
557	2509	0.33
2510	974	0.16
974	2510	0.16
2407	2511	0.014
2511	2407	0.014
878	1696	0.02
1696	878	0.02
878	2436	0.001
2436	878	0.001
878	1702	0.002
1702	878	0.002
2512	2416	0.013
2416	2512	0.013
2250	2081	0.003
2081	2250	0.003
2250	2082	0.004
2082	2250	0.004
2250	2084	0.004
2084	2250	0.004
2369	2487	0.001
2487	2369	0.001
1574	2082	0.002
2082	1574	0.002
1574	2084	0.003
2084	1574	0.003
2513	2514	0.008
2514	2513	0.008
2500	2342	0.04
2342	2500	0.04
2123	898	0.002
898	2123	0.002
2123	2111	0.001
2111	2123	0.001
2123	915	0.009
915	2123	0.009
2123	924	0.013
924	2123	0.013
1088	1971	0.053
1971	1088	0.053
1250	2515	0.002
2515	1250	0.002
322	884	0.001
884	322	0.001
322	1887	0.005
1887	322	0.005
322	2516	0.112
2516	322	0.112
2504	412	0.223
412	2504	0.223
1575	348	0.001
348	1575	0.001
690	2222	0.001
2222	690	0.001
690	2389	0.001
2389	690	0.001
456	185	0.049
185	456	0.049
1445	84	0.001
84	1445	0.001
2012	398	0.018
398	2012	0.018
2012	400	0.014
400	2012	0.014
2012	2267	0.001
2267	2012	0.001
1770	2517	0.035
2517	1770	0.035
1770	2518	0.018
2518	1770	0.018
1542	718	0.296
718	1542	0.296
1236	1059	0.005
1059	1236	0.005
258	263	0.009
263	258	0.009
2480	2519	0.003
2519	2480	0.003
2480	2190	0.003
2190	2480	0.003
2442	2435	0.001
2435	2442	0.001
1511	1388	0.345
1388	1511	0.345
2520	2521	0.222
2521	2520	0.222
1156	2522	0.024
2522	1156	0.024
2422	2519	0.007
2519	2422	0.007
659	1290	0.004
1290	659	0.004
1969	1089	0.002
1089	1969	0.002
2217	2458	0.003
2458	2217	0.003
2523	2524	0.645
2524	2523	0.645
2525	1366	0.386
1366	2525	0.386
1714	398	0.005
398	1714	0.005
2526	2527	0.167
2527	2526	0.167
2519	2310	0.008
2310	2519	0.008
2235	2236	0.035
2236	2235	0.035
2235	2339	0.183
2339	2235	0.183
1970	1089	0.002
1089	1970	0.002
1089	1971	0.321
1971	1089	0.321
1157	2522	0.098
2522	1157	0.098
1090	2464	0.054
2464	1090	0.054
1090	2375	0.052
2375	1090	0.052
1566	1647	0.167
1647	1566	0.167
1091	2464	0.041
2464	1091	0.041
1091	2375	0.049
2375	1091	0.049
1525	1825	0.003
1825	1525	0.003
1525	1829	0.005
1829	1525	0.005
1525	1753	0.006
1753	1525	0.006
2528	1056	0.476
1056	2528	0.476
1526	635	0.075
635	1526	0.075
885	990	0.346
990	885	0.346
2236	2339	0.016
2339	2236	0.016
75	76	0.899
76	75	0.899
886	2222	0.001
2222	886	0.001
2373	2185	0.008
2185	2373	0.008
2373	2279	0.017
2279	2373	0.017
1696	908	0.008
908	1696	0.008
1696	915	0.032
915	1696	0.032
1696	924	0.049
924	1696	0.049
1697	1702	0.002
1702	1697	0.002
1697	2032	0.001
2032	1697	0.001
2119	2098	0.021
2098	2119	0.021
553	662	0.176
662	553	0.176
553	663	0.188
663	553	0.188
2190	2185	0.044
2185	2190	0.044
2190	2529	0.001
2529	2190	0.001
2530	2531	0.192
2531	2530	0.192
2532	332	0.11
332	2532	0.11
1477	1364	0.002
1364	1477	0.002
2533	2534	0.401
2534	2533	0.401
139	922	0.002
922	139	0.002
1052	79	0.71
79	1052	0.71
1884	2267	0.003
2267	1884	0.003
2191	2185	0.16
2185	2191	0.16
2191	2423	0.005
2423	2191	0.005
644	2535	0.001
2535	644	0.001
2443	2435	0.001
2435	2443	0.001
645	1762	0.006
1762	645	0.006
2301	2302	0.068
2302	2301	0.068
77	79	0.139
79	77	0.139
2222	915	0.037
915	2222	0.037
765	2517	0.258
2517	765	0.258
681	682	0.001
682	681	0.001
681	2219	0.015
2219	681	0.015
2007	598	0.541
598	2007	0.541
2521	1897	0.005
1897	2521	0.005
108	591	0.318
591	108	0.318
2185	2470	0.001
2470	2185	0.001
2185	2487	0.001
2487	2185	0.001
2185	2243	0.12
2243	2185	0.12
2185	2310	0.332
2310	2185	0.332
2185	2357	0.007
2357	2185	0.007
2185	2471	0.004
2471	2185	0.004
2185	2472	0.098
2472	2185	0.098
79	88	0.14
88	79	0.14
79	90	0.14
90	79	0.14
2287	1957	0.001
1957	2287	0.001
2287	2267	0.029
2267	2287	0.029
2287	265	0.162
265	2287	0.162
1885	2267	0.014
2267	1885	0.014
1885	2420	0.006
2420	1885	0.006
1957	2536	0.002
2536	1957	0.002
189	2226	0.005
2226	189	0.005
1602	2098	0.005
2098	1602	0.005
2537	2522	0.584
2522	2537	0.584
2538	1308	0.32
1308	2538	0.32
1828	1612	0.001
1612	1828	0.001
2267	1887	0.03
1887	2267	0.03
2267	2539	0.029
2539	2267	0.029
2540	2541	0.198
2541	2540	0.198
2125	1702	0.003
1702	2125	0.003
2436	907	0.001
907	2436	0.001
2436	915	0.003
915	2436	0.003
2542	2543	0.007
2543	2542	0.007
192	599	0.432
599	192	0.432
2544	916	0.001
916	2544	0.001
330	691	0.001
691	330	0.001
2545	2546	0.033
2546	2545	0.033
901	1239	0.005
1239	901	0.005
901	2253	0.001
2253	901	0.001
1306	2547	0.001
2547	1306	0.001
2548	2549	0.024
2549	2548	0.024
1289	2176	0.33
2176	1289	0.33
2423	2529	0.001
2529	2423	0.001
2423	2471	0.001
2471	2423	0.001
2550	2541	0.353
2541	2550	0.353
905	1702	0.001
1702	905	0.001
83	1290	0.002
1290	83	0.002
2551	2552	0.188
2552	2551	0.188
2553	2554	0.217
2554	2553	0.217
2426	474	0.286
474	2426	0.286
84	1446	0.001
1446	84	0.001
346	793	0.025
793	346	0.025
2111	1702	0.002
1702	2111	0.002
1138	2555	0.212
2555	1138	0.212
2556	89	0.026
89	2556	0.026
720	2557	0.349
2557	720	0.349
2558	2559	0.001
2559	2558	0.001
2243	2310	0.01
2310	2243	0.01
1887	2420	0.003
2420	1887	0.003
1702	2032	0.001
2032	1702	0.001
1702	918	0.001
918	1702	0.001
1702	922	0.005
922	1702	0.005
1960	2359	0.021
2359	1960	0.021
2112	2560	0.163
2560	2112	0.163
1367	1144	0.588
1144	1367	0.588
2461	2561	0.001
2561	2461	0.001
2461	2562	0.003
2562	2461	0.003
2461	2543	0.001
2543	2461	0.001
2563	2564	0.185
2564	2563	0.185
1143	1145	0.005
1145	1143	0.005
