2565	2566	0.039
2566	2565	0.039
21	22	0.063
22	21	0.063
4	5	0.051
5	4	0.051
204	1258	0.016
1258	204	0.016
204	1410	0.084
1410	204	0.084
204	1411	0.025
1411	204	0.025
204	1412	0.037
1412	204	0.037
204	1413	0.016
1413	204	0.016
204	446	0.088
446	204	0.088
204	1414	0.024
1414	204	0.024
204	1415	0.036
1415	204	0.036
204	1416	0.013
1416	204	0.013
204	1417	0.041
1417	204	0.041
204	465	0.025
465	204	0.025
204	1418	0.084
1418	204	0.084
240	673	0.078
673	240	0.078
240	674	0.106
674	240	0.106
240	676	0.153
676	240	0.153
240	679	0.156
679	240	0.156
240	680	0.156
680	240	0.156
267	1289	0.046
1289	267	0.046
349	1434	0.171
1434	349	0.171
349	1473	0.164
1473	349	0.164
349	1637	0.146
1637	349	0.146
349	1935	0.102
1935	349	0.102
349	1937	0.158
1937	349	0.158
349	1938	0.143
1938	349	0.143
349	1939	0.17
1939	349	0.17
349	1945	0.147
1945	349	0.147
2567	2253	0.21
2253	2567	0.21
413	828	0.288
828	413	0.288
413	1306	0.135
1306	413	0.135
488	1642	0.26
1642	488	0.26
488	1288	0.031
1288	488	0.031
510	722	0.019
722	510	0.019
617	1574	0.028
1574	617	0.028
639	646	0.029
646	639	0.029
646	1615	0.04
1615	646	0.04
650	1331	0.015
1331	650	0.015
2568	2386	0.13
2386	2568	0.13
2569	2570	0.014
2570	2569	0.014
340	2152	0.206
2152	340	0.206
795	803	0.024
803	795	0.024
795	822	0.054
822	795	0.054
795	839	0.03
839	795	0.03
795	840	0.13
840	795	0.13
795	878	0.04
878	795	0.04
795	926	0.051
926	795	0.051
976	1438	0.073
1438	976	0.073
976	1440	0.079
1440	976	0.079
976	1642	0.202
1642	976	0.202
976	1441	0.095
1441	976	0.095
976	1445	0.086
1445	976	0.086
976	1446	0.087
1446	976	0.087
1013	1267	0.014
1267	1013	0.014
1013	1172	0.457
1172	1013	0.457
1013	2571	0.252
2571	1013	0.252
1013	1567	0.202
1567	1013	0.202
1013	1399	0.226
1399	1013	0.226
1013	1568	0.203
1568	1013	0.203
1013	1569	0.212
1569	1013	0.212
26	64	0.017
64	26	0.017
364	1684	0.216
1684	364	0.216
364	374	0.12
374	364	0.12
364	375	0.078
375	364	0.078
364	376	0.242
376	364	0.242
364	1557	0.272
1557	364	0.272
364	1271	0.201
1271	364	0.201
1164	1370	0.034
1370	1164	0.034
1164	2130	0.098
2130	1164	0.098
1164	2131	0.096
2131	1164	0.096
1164	2132	0.1
2132	1164	0.1
148	704	0.164
704	148	0.164
148	714	0.099
714	148	0.099
148	152	0.24
152	148	0.24
8	520	0.221
520	8	0.221
8	2027	0.288
2027	8	0.288
1166	1174	0.015
1174	1166	0.015
1166	1177	0.024
1177	1166	0.024
1166	1182	0.049
1182	1166	0.049
1166	1193	0.058
1193	1166	0.058
1242	1759	0.214
1759	1242	0.214
1242	2119	0.117
2119	1242	0.117
1242	2120	0.177
2120	1242	0.177
1244	419	0.21
419	1244	0.21
1244	424	0.203
424	1244	0.203
1244	1105	0.212
1105	1244	0.212
1244	1301	0.014
1301	1244	0.014
1244	288	0.257
288	1244	0.257
1244	1980	0.231
1980	1244	0.231
1244	1112	0.211
1112	1244	0.211
1244	1029	0.283
1029	1244	0.283
1244	1118	0.251
1118	1244	0.251
1244	540	0.229
540	1244	0.229
1244	755	0.225
755	1244	0.225
1244	393	0.299
393	1244	0.299
1244	481	0.21
481	1244	0.21
1244	1061	0.256
1061	1244	0.256
1258	1410	0.084
1410	1258	0.084
1258	1412	0.037
1412	1258	0.037
1258	1413	0.015
1413	1258	0.015
1258	446	0.088
446	1258	0.088
1258	1414	0.025
1414	1258	0.025
1258	1415	0.036
1415	1258	0.036
1258	1416	0.016
1416	1258	0.016
1258	1417	0.043
1417	1258	0.043
1258	465	0.025
465	1258	0.025
1258	1418	0.087
1418	1258	0.087
512	693	0.22
693	512	0.22
1014	1026	0.014
1026	1014	0.014
1014	1045	0.507
1045	1014	0.507
154	550	0.436
550	154	0.436
154	1564	0.452
1564	154	0.452
154	1565	0.432
1565	154	0.432
154	405	0.292
405	154	0.292
154	1765	0.225
1765	154	0.225
154	110	0.269
110	154	0.269
154	412	0.216
412	154	0.216
28	1135	0.217
1135	28	0.217
1298	1800	0.017
1800	1298	0.017
414	462	0.062
462	414	0.062
789	794	0.199
794	789	0.199
1317	2080	0.062
2080	1317	0.062
415	661	0.035
661	415	0.035
514	1341	0.018
1341	514	0.018
1370	2130	0.091
2130	1370	0.091
1370	2131	0.089
2131	1370	0.089
1370	2132	0.095
2132	1370	0.095
9	10	0.029
10	9	0.029
365	382	0.188
382	365	0.188
799	815	0.174
815	799	0.174
799	816	0.092
816	799	0.092
799	817	0.118
817	799	0.118
799	822	0.193
822	799	0.193
799	826	0.171
826	799	0.171
799	834	0.141
834	799	0.141
799	837	0.199
837	799	0.199
799	860	0.079
860	799	0.079
799	872	0.081
872	799	0.081
799	887	0.125
887	799	0.125
799	898	0.079
898	799	0.079
799	901	0.149
901	799	0.149
799	908	0.151
908	799	0.151
799	918	0.164
918	799	0.164
799	922	0.083
922	799	0.083
799	924	0.11
924	799	0.11
1015	1018	0.013
1018	1015	0.013
1015	1642	0.337
1642	1015	0.337
1015	957	0.229
957	1015	0.229
1404	630	0.213
630	1404	0.213
1016	1019	0.014
1019	1016	0.014
1420	1402	0.04
1402	1420	0.04
1420	1296	0.03
1296	1420	0.03
570	579	0.173
579	570	0.173
2572	2573	0.028
2573	2572	0.028
2572	2574	0.018
2574	2572	0.018
2572	2575	0.093
2575	2572	0.093
2572	2576	0.028
2576	2572	0.028
2572	2008	0.065
2008	2572	0.065
2572	2149	0.037
2149	2572	0.037
2572	2577	0.045
2577	2572	0.045
2572	2578	0.068
2578	2572	0.068
2579	2580	0.171
2580	2579	0.171
2579	1584	0.202
1584	2579	0.202
2579	2574	0.032
2574	2579	0.032
2579	2576	0.032
2576	2579	0.032
2579	2008	0.071
2008	2579	0.071
2579	2091	0.048
2091	2579	0.048
2579	2149	0.042
2149	2579	0.042
2579	2581	0.074
2581	2579	0.074
2579	2577	0.046
2577	2579	0.046
1434	1473	0.222
1473	1434	0.222
1434	1637	0.155
1637	1434	0.155
1434	1935	0.156
1935	1434	0.156
1434	1937	0.089
1937	1434	0.089
1434	1938	0.148
1938	1434	0.148
1434	1939	0.141
1939	1434	0.141
1434	1945	0.149
1945	1434	0.149
156	1763	0.09
1763	156	0.09
156	162	0.144
162	156	0.144
156	1149	0.059
1149	156	0.059
156	167	0.13
167	156	0.13
156	170	0.106
170	156	0.106
156	383	0.2
383	156	0.2
156	495	0.307
495	156	0.307
156	1232	0.257
1232	156	0.257
156	178	0.169
178	156	0.169
156	181	0.17
181	156	0.17
156	185	0.15
185	156	0.15
156	1188	0.078
1188	156	0.078
156	404	0.284
404	156	0.284
156	191	0.165
191	156	0.165
156	1163	0.056
1163	156	0.056
156	197	0.166
197	156	0.166
156	1198	0.117
1198	156	0.117
1267	1172	0.457
1172	1267	0.457
1267	2571	0.252
2571	1267	0.252
1267	1567	0.202
1567	1267	0.202
1267	1399	0.226
1399	1267	0.226
1267	1568	0.203
1568	1267	0.203
1267	1569	0.212
1569	1267	0.212
977	985	0.105
985	977	0.105
977	989	0.119
989	977	0.119
977	990	0.117
990	977	0.117
515	687	0.243
687	515	0.243
515	386	0.222
386	515	0.222
515	392	0.251
392	515	0.251
515	404	0.265
404	515	0.265
515	479	0.204
479	515	0.204
515	411	0.251
411	515	0.251
2582	1399	0.219
1399	2582	0.219
2204	2252	0.081
2252	2204	0.081
2204	2166	0.238
2166	2204	0.238
2204	2253	0.05
2253	2204	0.05
1473	1637	0.184
1637	1473	0.184
1473	1935	0.15
1935	1473	0.15
1473	1937	0.217
1937	1473	0.217
1473	1938	0.192
1938	1473	0.192
1473	1939	0.202
1939	1473	0.202
1473	1945	0.179
1945	1473	0.179
516	567	0.018
567	516	0.018
1488	1532	0.053
1532	1488	0.053
1488	400	0.354
400	1488	0.354
1488	1534	0.013
1534	1488	0.013
651	693	0.025
693	651	0.025
2580	2573	0.069
2573	2580	0.069
2580	2575	0.096
2575	2580	0.096
2580	2576	0.081
2576	2580	0.081
2580	2059	0.073
2059	2580	0.073
2580	2149	0.066
2149	2580	0.066
2580	2155	0.066
2155	2580	0.066
1516	1626	0.161
1626	1516	0.161
1516	1773	0.163
1773	1516	0.163
1516	1795	0.114
1795	1516	0.114
1516	1462	0.162
1462	1516	0.162
1516	1860	0.109
1860	1516	0.109
1516	1917	0.144
1917	1516	0.144
1516	1924	0.139
1924	1516	0.139
1516	1878	0.165
1878	1516	0.165
1516	2583	0.231
2583	1516	0.231
1516	1879	0.107
1879	1516	0.107
1516	1880	0.148
1880	1516	0.148
1516	2009	0.103
2009	1516	0.103
1516	2010	0.102
2010	1516	0.102
1516	1881	0.148
1881	1516	0.148
1516	1882	0.091
1882	1516	0.091
1516	2011	0.171
2011	1516	0.171
1516	1883	0.091
1883	1516	0.091
1516	2090	0.128
2090	1516	0.128
1516	2012	0.152
2012	1516	0.152
1516	1884	0.102
1884	1516	0.102
1516	1885	0.131
1885	1516	0.131
1516	2013	0.18
2013	1516	0.18
1516	1886	0.125
1886	1516	0.125
1516	1887	0.138
1887	1516	0.138
1516	2539	0.185
2539	1516	0.185
685	520	0.216
520	685	0.216
685	429	0.343
429	685	0.343
685	377	0.311
377	685	0.311
685	443	0.414
443	685	0.414
685	1491	0.208
1491	685	0.208
685	453	0.425
453	685	0.425
685	1128	0.357
1128	685	0.357
685	400	0.261
400	685	0.261
685	508	0.269
508	685	0.269
1522	2081	0.02
2081	1522	0.02
1522	2082	0.017
2082	1522	0.017
1522	2084	0.017
2084	1522	0.017
1524	1760	0.063
1760	1524	0.063
1524	1963	0.06
1963	1524	0.06
1524	1926	0.072
1926	1524	0.072
1524	1761	0.079
1761	1524	0.079
1524	1762	0.055
1762	1524	0.055
418	497	0.242
497	418	0.242
418	2584	0.261
2584	418	0.261
418	1466	0.312
1466	418	0.312
418	2028	0.226
2028	418	0.226
1167	1586	0.08
1586	1167	0.08
1167	1597	0.218
1597	1167	0.218
1167	1598	0.346
1598	1167	0.346
803	816	0.049
816	803	0.049
803	839	0.044
839	803	0.044
803	871	0.029
871	803	0.029
803	898	0.065
898	803	0.065
803	905	0.065
905	803	0.065
803	915	0.033
915	803	0.033
803	918	0.077
918	803	0.077
803	924	0.094
924	803	0.094
803	926	0.043
926	803	0.043
1224	369	0.281
369	1224	0.281
1224	1836	0.026
1836	1224	0.026
1224	1065	0.219
1065	1224	0.219
1224	2068	0.031
2068	1224	0.031
1410	1411	0.088
1411	1410	0.088
1410	1412	0.095
1412	1410	0.095
1410	1413	0.084
1413	1410	0.084
1410	446	0.12
446	1410	0.12
1410	1414	0.094
1414	1410	0.094
1410	1415	0.097
1415	1410	0.097
1410	1416	0.084
1416	1410	0.084
1410	1417	0.122
1417	1410	0.122
1410	465	0.087
465	1410	0.087
1410	1399	0.21
1399	1410	0.21
1410	1418	0.018
1418	1410	0.018
2256	1577	0.129
1577	2256	0.129
2256	1756	0.12
1756	2256	0.12
2256	2465	0.184
2465	2256	0.184
2256	2028	0.169
2028	2256	0.169
2256	1696	0.133
1696	2256	0.133
2256	2222	0.177
2222	2256	0.177
2256	2125	0.141
2125	2256	0.141
2256	2388	0.079
2388	2256	0.079
2256	2223	0.179
2223	2256	0.179
2256	2389	0.149
2389	2256	0.149
1556	2148	0.083
2148	1556	0.083
419	489	0.469
489	419	0.469
419	1301	0.21
1301	419	0.21
419	437	0.378
437	419	0.378
419	997	0.249
997	419	0.249
419	481	0.013
481	419	0.013
419	1006	0.25
1006	419	0.25
1100	1140	0.014
1140	1100	0.014
158	1029	0.372
1029	158	0.372
158	1036	0.28
1036	158	0.28
158	1235	0.246
1235	158	0.246
158	502	0.345
502	158	0.345
158	506	0.269
506	158	0.269
158	198	0.014
198	158	0.014
158	1061	0.303
1061	158	0.303
1577	1754	0.205
1754	1577	0.205
1577	1756	0.213
1756	1577	0.213
1577	1690	0.174
1690	1577	0.174
1577	2257	0.175
2257	1577	0.175
1577	2352	0.22
2352	1577	0.22
1577	2258	0.085
2258	1577	0.085
1577	2465	0.2
2465	1577	0.2
1577	2122	0.15
2122	1577	0.15
1577	2027	0.199
2027	1577	0.199
1577	2028	0.173
2028	1577	0.173
1577	1696	0.159
1696	1577	0.159
1577	2222	0.164
2222	1577	0.164
1577	2125	0.22
2125	1577	0.22
1577	1702	0.169
1702	1577	0.169
1577	2032	0.173
2032	1577	0.173
1577	2223	0.141
2223	1577	0.141
1577	2389	0.139
2389	1577	0.139
1438	1440	0.104
1440	1438	0.104
1438	1441	0.069
1441	1438	0.069
1438	1445	0.087
1445	1438	0.087
1438	1446	0.085
1446	1438	0.085
1583	1589	0.013
1589	1583	0.013
420	39	0.208
39	420	0.208
420	975	0.245
975	420	0.245
1584	1587	0.231
1587	1584	0.231
1584	1899	0.264
1899	1584	0.264
1626	1773	0.131
1773	1626	0.131
1626	1795	0.08
1795	1626	0.08
1626	1462	0.15
1462	1626	0.15
1626	1860	0.087
1860	1626	0.087
1626	1917	0.143
1917	1626	0.143
1626	1924	0.106
1924	1626	0.106
1626	1878	0.147
1878	1626	0.147
1626	2583	0.204
2583	1626	0.204
1626	1879	0.096
1879	1626	0.096
1626	1880	0.1
1880	1626	0.1
1626	2009	0.1
2009	1626	0.1
1626	2010	0.095
2010	1626	0.095
1626	1881	0.143
1881	1626	0.143
1626	1882	0.073
1882	1626	0.073
1626	2011	0.158
2011	1626	0.158
1626	1883	0.073
1883	1626	0.073
1626	2090	0.191
2090	1626	0.191
1626	2012	0.124
2012	1626	0.124
1626	1884	0.099
1884	1626	0.099
1626	2013	0.153
2013	1626	0.153
1626	1886	0.103
1886	1626	0.103
1626	1887	0.107
1887	1626	0.107
1626	2539	0.163
2539	1626	0.163
1627	2585	0.079
2585	1627	0.079
1627	2586	0.08
2586	1627	0.08
1627	2069	0.029
2069	1627	0.029
270	307	0.019
307	270	0.019
270	313	0.03
313	270	0.03
1637	1935	0.084
1935	1637	0.084
1637	1937	0.143
1937	1637	0.143
1637	1938	0.093
1938	1637	0.093
1637	1939	0.148
1939	1637	0.148
1637	1945	0.034
1945	1637	0.034
1546	1547	0.026
1547	1546	0.026
1017	430	0.263
430	1017	0.263
1017	1031	0.444
1031	1017	0.444
32	70	0.026
70	32	0.026
1656	2105	0.024
2105	1656	0.024
1656	690	0.037
690	1656	0.037
160	168	0.095
168	160	0.095
652	319	0.208
319	652	0.208
652	658	0.036
658	652	0.036
1663	1972	0.179
1972	1663	0.179
1663	2587	0.184
2587	1663	0.184
2588	2589	0.132
2589	2588	0.132
2588	2590	0.127
2590	2588	0.127
2588	2591	0.126
2591	2588	0.126
2588	2592	0.13
2592	2588	0.13
2588	2593	0.079
2593	2588	0.079
2588	2594	0.369
2594	2588	0.369
2588	2595	0.152
2595	2588	0.152
2588	2596	0.137
2596	2588	0.137
1670	655	0.023
655	1670	0.023
1670	2160	0.181
2160	1670	0.181
572	576	0.115
576	572	0.115
1498	1501	0.018
1501	1498	0.018
1498	1502	0.013
1502	1498	0.013
1498	1505	0.018
1505	1498	0.018
1498	1508	0.018
1508	1498	0.018
698	707	0.079
707	698	0.079
2573	2574	0.029
2574	2573	0.029
2573	2575	0.065
2575	2573	0.065
2573	2576	0.021
2576	2573	0.021
2573	2008	0.056
2008	2573	0.056
2573	2059	0.062
2059	2573	0.062
2573	2091	0.022
2091	2573	0.022
2573	2149	0.032
2149	2573	0.032
2573	2581	0.039
2581	2573	0.039
2573	2577	0.044
2577	2573	0.044
2573	2597	0.079
2597	2573	0.079
2573	2578	0.05
2578	2573	0.05
2598	2599	0.025
2599	2598	0.025
1634	1636	0.01
1636	1634	0.01
1713	432	0.333
432	1713	0.333
1713	1987	0.065
1987	1713	0.065
1713	1988	0.067
1988	1713	0.067
1715	492	0.2
492	1715	0.2
1715	1990	0.025
1990	1715	0.025
944	954	0.145
954	944	0.145
489	39	0.213
39	489	0.213
489	429	0.339
429	489	0.339
489	374	0.205
374	489	0.205
489	1118	0.427
1118	489	0.427
489	506	0.112
506	489	0.112
489	481	0.469
481	489	0.469
242	246	0.052
246	242	0.052
2589	2591	0.013
2591	2589	0.013
2589	2592	0.15
2592	2589	0.15
2589	2593	0.145
2593	2589	0.145
2589	2594	0.16
2594	2589	0.16
2589	2595	0.235
2595	2589	0.235
1402	1296	0.022
1296	1402	0.022
619	634	0.017
634	619	0.017
619	637	0.04
637	619	0.04
620	622	0.067
622	620	0.067
620	635	0.018
635	620	0.018
274	299	0.118
299	274	0.118
274	320	0.087
320	274	0.087
1707	1709	0.05
1709	1707	0.05
1707	1652	0.261
1652	1707	0.261
1245	2015	0.062
2015	1245	0.062
1245	1228	0.065
1228	1245	0.065
1245	2037	0.051
2037	1245	0.051
1245	2105	0.087
2105	1245	0.087
1245	690	0.057
690	1245	0.057
1245	1241	0.034
1241	1245	0.034
2600	2601	0.145
2601	2600	0.145
2600	2602	0.181
2602	2600	0.181
2600	2603	0.142
2603	2600	0.142
2600	2154	0.2
2154	2600	0.2
2600	2604	0.142
2604	2600	0.142
2600	2552	0.118
2552	2600	0.118
1102	1123	0.015
1123	1102	0.015
275	311	0.08
311	275	0.08
1660	1517	0.021
1517	1660	0.021
1660	1661	0.06
1661	1660	0.06
1203	1204	0.097
1204	1203	0.097
1203	1206	0.202
1206	1203	0.202
1203	1207	0.093
1207	1203	0.093
1752	2079	0.171
2079	1752	0.171
1754	1756	0.159
1756	1754	0.159
1754	1690	0.166
1690	1754	0.166
1754	778	0.242
778	1754	0.242
1754	2027	0.118
2027	1754	0.118
1754	2028	0.171
2028	1754	0.171
1754	1696	0.088
1696	1754	0.088
1754	1162	0.33
1162	1754	0.33
1754	1702	0.132
1702	1754	0.132
1754	2223	0.12
2223	1754	0.12
1754	2389	0.133
2389	1754	0.133
1225	1529	0.079
1529	1225	0.079
1074	1088	0.073
1088	1074	0.073
1074	1089	0.03
1089	1074	0.03
1756	1690	0.203
1690	1756	0.203
1756	2257	0.164
2257	1756	0.164
1756	2352	0.164
2352	1756	0.164
1756	2465	0.175
2465	1756	0.175
1756	395	0.382
395	1756	0.382
1756	2027	0.148
2027	1756	0.148
1756	2028	0.177
2028	1756	0.177
1756	1696	0.122
1696	1756	0.122
1756	399	0.384
399	1756	0.384
1756	1697	0.083
1697	1756	0.083
1756	2222	0.166
2222	1756	0.166
1756	2125	0.138
2125	1756	0.138
1756	1702	0.157
1702	1756	0.157
1756	2388	0.095
2388	1756	0.095
1756	2032	0.086
2032	1756	0.086
1756	2223	0.15
2223	1756	0.15
1756	2389	0.2
2389	1756	0.2
574	533	0.072
533	574	0.072
574	582	0.065
582	574	0.065
574	588	0.018
588	574	0.018
1211	596	0.047
596	1211	0.047
1211	1217	0.036
1217	1211	0.036
1690	2465	0.174
2465	1690	0.174
1690	2027	0.207
2027	1690	0.207
1690	2028	0.189
2028	1690	0.189
1690	1696	0.121
1696	1690	0.121
1690	2222	0.166
2222	1690	0.166
1690	1702	0.158
1702	1690	0.158
1690	2223	0.151
2223	1690	0.151
1690	2389	0.146
2389	1690	0.146
1618	1619	0.169
1619	1618	0.169
1618	1620	0.144
1620	1618	0.144
1618	1622	0.153
1622	1618	0.153
1618	1623	0.16
1623	1618	0.16
1618	1161	0.148
1161	1618	0.148
1758	2601	0.257
2601	1758	0.257
1758	2165	0.16
2165	1758	0.16
1759	2118	0.014
2118	1759	0.014
1759	2119	0.114
2119	1759	0.114
1759	2120	0.018
2120	1759	0.018
1535	1536	0.018
1536	1535	0.018
1535	1538	0.026
1538	1535	0.026
1535	1543	0.018
1543	1535	0.018
1535	1545	0.063
1545	1535	0.063
2605	2606	0.147
2606	2605	0.147
2605	2607	0.098
2607	2605	0.098
1763	1149	0.04
1149	1763	0.04
1763	167	0.092
167	1763	0.092
1763	1150	0.041
1150	1763	0.041
1763	1152	0.051
1152	1763	0.051
1763	178	0.117
178	1763	0.117
1763	191	0.091
191	1763	0.091
1763	1163	0.051
1163	1763	0.051
1763	1960	0.054
1960	1763	0.054
1763	197	0.11
197	1763	0.11
1763	1198	0.099
1198	1763	0.099
1763	201	0.061
201	1763	0.061
161	425	0.212
425	161	0.212
161	372	0.321
372	161	0.321
161	1149	0.229
1149	161	0.229
161	289	0.302
289	161	0.302
161	386	0.205
386	161	0.205
161	550	0.338
550	161	0.338
161	407	0.321
407	161	0.321
1333	1336	0.051
1336	1333	0.051
1333	1337	0.022
1337	1333	0.022
34	82	0.019
82	34	0.019
1773	1795	0.074
1795	1773	0.074
1773	1860	0.073
1860	1773	0.073
1773	1917	0.146
1917	1773	0.146
1773	1924	0.12
1924	1773	0.12
1773	1878	0.115
1878	1773	0.115
1773	2583	0.161
2583	1773	0.161
1773	1879	0.092
1879	1773	0.092
1773	1880	0.122
1880	1773	0.122
1773	2009	0.086
2009	1773	0.086
1773	2010	0.084
2010	1773	0.084
1773	1881	0.11
1881	1773	0.11
1773	2011	0.164
2011	1773	0.164
1773	1883	0.042
1883	1773	0.042
1773	2090	0.116
2090	1773	0.116
1773	395	0.29
395	1773	0.29
1773	2012	0.076
2012	1773	0.076
1773	399	0.288
399	1773	0.288
1773	1884	0.106
1884	1773	0.106
1773	1885	0.097
1885	1773	0.097
1773	2013	0.154
2013	1773	0.154
1773	1886	0.074
1886	1773	0.074
1773	1887	0.103
1887	1773	0.103
1773	2539	0.159
2539	1773	0.159
946	951	0.077
951	946	0.077
946	956	0.197
956	946	0.197
946	226	0.461
226	946	0.461
946	233	0.517
233	946	0.517
946	469	0.025
469	946	0.025
735	736	0.026
736	735	0.026
735	737	0.026
737	735	0.026
735	729	0.025
729	735	0.025
735	343	0.035
343	735	0.035
735	2608	0.209
2608	735	0.209
277	324	0.018
324	277	0.018
490	500	0.019
500	490	0.019
490	503	0.021
503	490	0.021
1285	1666	0.446
1666	1285	0.446
1285	1563	0.015
1563	1285	0.015
519	544	0.04
544	519	0.04
519	562	0.051
562	519	0.051
2247	1966	0.085
1966	2247	0.085
1791	377	0.305
377	1791	0.305
1791	1043	0.239
1043	1791	0.239
1791	2168	0.014
2168	1791	0.014
94	107	0.014
107	94	0.014
1795	1462	0.058
1462	1795	0.058
1795	1860	0.055
1860	1795	0.055
1795	1917	0.109
1917	1795	0.109
1795	1924	0.096
1924	1795	0.096
1795	1878	0.108
1878	1795	0.108
1795	1879	0.089
1879	1795	0.089
1795	1880	0.096
1880	1795	0.096
1795	2009	0.07
2009	1795	0.07
1795	2010	0.082
2010	1795	0.082
1795	1881	0.059
1881	1795	0.059
1795	1882	0.051
1882	1795	0.051
1795	2011	0.075
2011	1795	0.075
1795	1883	0.051
1883	1795	0.051
1795	2012	0.105
2012	1795	0.105
1795	1884	0.085
1884	1795	0.085
1795	2013	0.109
2013	1795	0.109
1795	1886	0.076
1886	1795	0.076
1795	1887	0.058
1887	1795	0.058
1795	2539	0.061
2539	1795	0.061
1796	1996	0.047
1996	1796	0.047
1796	1997	0.026
1997	1796	0.026
815	816	0.092
816	815	0.092
815	817	0.178
817	815	0.178
815	822	0.119
822	815	0.119
815	826	0.158
826	815	0.158
815	837	0.101
837	815	0.101
815	839	0.091
839	815	0.091
815	860	0.065
860	815	0.065
815	878	0.083
878	815	0.083
815	887	0.137
887	815	0.137
815	898	0.153
898	815	0.153
815	901	0.096
901	815	0.096
815	905	0.109
905	815	0.109
815	908	0.08
908	815	0.08
815	915	0.092
915	815	0.092
815	918	0.148
918	815	0.148
815	924	0.107
924	815	0.107
1629	1767	0.197
1767	1629	0.197
1629	1769	0.129
1769	1629	0.129
1268	1271	0.139
1271	1268	0.139
816	822	0.073
822	816	0.073
816	826	0.112
826	816	0.112
816	839	0.063
839	816	0.063
816	878	0.055
878	816	0.055
816	915	0.044
915	816	0.044
369	1915	0.269
1915	369	0.269
369	370	0.286
370	369	0.286
369	2429	0.347
2429	369	0.347
369	1162	0.293
1162	369	0.293
369	1952	0.337
1952	369	0.337
1586	1594	0.194
1594	1586	0.194
1586	1595	0.205
1595	1586	0.205
1586	1596	0.214
1596	1586	0.214
1586	1043	0.22
1043	1586	0.22
1760	1963	0.085
1963	1760	0.085
1760	1761	0.086
1761	1760	0.086
1760	1762	0.08
1762	1760	0.08
162	167	0.146
167	162	0.146
162	178	0.137
178	162	0.137
162	181	0.072
181	162	0.072
162	185	0.059
185	162	0.059
162	191	0.114
191	162	0.114
162	197	0.128
197	162	0.128
1639	668	0.26
668	1639	0.26
1639	1655	0.258
1655	1639	0.258
1639	683	0.247
683	1639	0.247
1640	1641	0.015
1641	1640	0.015
736	737	0.015
737	736	0.015
736	729	0.029
729	736	0.029
736	343	0.031
343	736	0.031
736	730	0.034
730	736	0.034
163	164	0.015
164	163	0.015
1806	1836	0.014
1836	1806	0.014
2585	2609	0.027
2609	2585	0.027
2585	2610	0.057
2610	2585	0.057
2585	1743	0.058
1743	2585	0.058
2585	2611	0.058
2611	2585	0.058
2585	1744	0.059
1744	2585	0.059
2585	2612	0.101
2612	2585	0.101
2585	2613	0.045
2613	2585	0.045
2585	2614	0.056
2614	2585	0.056
2585	2615	0.057
2615	2585	0.057
2585	2616	0.066
2616	2585	0.066
2585	2617	0.047
2617	2585	0.047
2585	2495	0.049
2495	2585	0.049
2585	2618	0.05
2618	2585	0.05
2585	2619	0.06
2619	2585	0.06
2585	2620	0.034
2620	2585	0.034
2585	2621	0.047
2621	2585	0.047
2585	2622	0.097
2622	2585	0.097
2585	2623	0.056
2623	2585	0.056
422	1152	0.244
1152	422	0.244
422	466	0.242
466	422	0.242
422	474	0.07
474	422	0.07
422	479	0.078
479	422	0.078
1075	1647	0.205
1647	1075	0.205
520	210	0.092
210	520	0.092
520	524	0.078
524	520	0.078
520	220	0.072
220	520	0.072
520	540	0.093
540	520	0.093
520	221	0.075
221	520	0.075
520	755	0.078
755	520	0.078
520	1270	0.055
1270	520	0.055
520	227	0.101
227	520	0.101
1619	1620	0.195
1620	1619	0.195
1619	1622	0.219
1622	1619	0.219
1619	1623	0.198
1623	1619	0.198
1619	1161	0.166
1161	1619	0.166
817	826	0.137
826	817	0.137
817	834	0.151
834	817	0.151
817	837	0.126
837	817	0.126
817	839	0.068
839	817	0.068
817	860	0.079
860	817	0.079
817	901	0.14
901	817	0.14
817	905	0.104
905	817	0.104
817	908	0.092
908	817	0.092
817	915	0.092
915	817	0.092
817	918	0.097
918	817	0.097
817	922	0.075
922	817	0.075
1462	1917	0.12
1917	1462	0.12
1462	1924	0.11
1924	1462	0.11
1462	1878	0.099
1878	1462	0.099
1462	2583	0.131
2583	1462	0.131
1462	1879	0.099
1879	1462	0.099
1462	1880	0.098
1880	1462	0.098
1462	2009	0.087
2009	1462	0.087
1462	2010	0.082
2010	1462	0.082
1462	1881	0.089
1881	1462	0.089
1462	1882	0.044
1882	1462	0.044
1462	2011	0.111
2011	1462	0.111
1462	1883	0.044
1883	1462	0.044
1462	2090	0.09
2090	1462	0.09
1462	2012	0.095
2012	1462	0.095
1462	1885	0.094
1885	1462	0.094
1462	2013	0.098
2013	1462	0.098
1462	1886	0.078
1886	1462	0.078
1462	1887	0.073
1887	1462	0.073
1462	2539	0.085
2539	1462	0.085
491	1152	0.392
1152	491	0.392
491	394	0.326
394	491	0.326
491	689	0.257
689	491	0.257
491	1162	0.278
1162	491	0.278
491	199	0.227
199	491	0.227
1831	1834	0.108
1834	1831	0.108
1831	1851	0.112
1851	1831	0.112
737	729	0.028
729	737	0.028
737	343	0.032
343	737	0.032
2609	1744	0.032
1744	2609	0.032
2609	2612	0.117
2612	2609	0.117
2609	2586	0.089
2586	2609	0.089
2609	2613	0.038
2613	2609	0.038
2609	2615	0.031
2615	2609	0.031
2609	2616	0.04
2616	2609	0.04
2609	2617	0.035
2617	2609	0.035
2609	2624	0.08
2624	2609	0.08
2609	2618	0.056
2618	2609	0.056
2609	2619	0.032
2619	2609	0.032
2609	2620	0.052
2620	2609	0.052
2609	2622	0.085
2622	2609	0.085
2609	2623	0.041
2623	2609	0.041
424	432	0.03
432	424	0.03
424	1301	0.203
1301	424	0.203
424	2625	0.322
2625	424	0.322
1587	1463	0.103
1463	1587	0.103
1587	1899	0.156
1899	1587	0.156
1587	1905	0.156
1905	1587	0.156
1708	2456	0.213
2456	1708	0.213
1411	1412	0.039
1412	1411	0.039
1411	446	0.095
446	1411	0.095
1411	1415	0.038
1415	1411	0.038
1411	1417	0.047
1417	1411	0.047
1411	465	0.013
465	1411	0.013
1411	1418	0.088
1418	1411	0.088
1536	1538	0.027
1538	1536	0.027
1536	1540	0.015
1540	1536	0.015
1536	1543	0.014
1543	1536	0.014
1536	1545	0.054
1545	1536	0.054
773	777	0.013
777	773	0.013
773	780	0.013
780	773	0.013
773	784	0.013
784	773	0.013
2610	2612	0.071
2612	2610	0.071
2610	2586	0.081
2586	2610	0.081
2610	2613	0.014
2613	2610	0.014
2610	2617	0.012
2617	2610	0.012
2610	2626	0.027
2626	2610	0.027
2610	2495	0.013
2495	2610	0.013
2610	2621	0.014
2621	2610	0.014
2610	2622	0.093
2622	2610	0.093
1615	1874	0.013
1874	1615	0.013
1615	1616	0.029
1616	1615	0.029
667	669	0.088
669	667	0.088
667	670	0.053
670	667	0.053
1018	1642	0.331
1642	1018	0.331
1018	957	0.225
957	1018	0.225
1480	1487	0.379
1487	1480	0.379
1480	80	0.134
80	1480	0.134
1860	1917	0.089
1917	1860	0.089
1860	1924	0.071
1924	1860	0.071
1860	1878	0.086
1878	1860	0.086
1860	2583	0.143
2583	1860	0.143
1860	1879	0.072
1879	1860	0.072
1860	1880	0.078
1880	1860	0.078
1860	2009	0.071
2009	1860	0.071
1860	2010	0.085
2010	1860	0.085
1860	1881	0.072
1881	1860	0.072
1860	1882	0.029
1882	1860	0.029
1860	2011	0.097
2011	1860	0.097
1860	1883	0.029
1883	1860	0.029
1860	2090	0.073
2090	1860	0.073
1860	2012	0.092
2012	1860	0.092
1860	1884	0.072
1884	1860	0.072
1860	1885	0.06
1885	1860	0.06
1860	2013	0.089
2013	1860	0.089
1860	1887	0.061
1887	1860	0.061
1063	1068	0.099
1068	1063	0.099
1063	1232	0.216
1232	1063	0.216
1063	1235	0.256
1235	1063	0.256
1063	1986	0.325
1986	1063	0.325
1861	1617	0.32
1617	1861	0.32
1147	1158	0.09
1158	1147	0.09
1862	1863	0.013
1863	1862	0.013
1862	1840	0.013
1840	1862	0.013
1862	1975	0.153
1975	1862	0.153
1862	1976	0.097
1976	1862	0.097
1863	1840	0.013
1840	1863	0.013
1863	1975	0.153
1975	1863	0.153
1840	1975	0.153
1975	1840	0.153
1840	1976	0.097
1976	1840	0.097
1104	1116	0.359
1116	1104	0.359
1105	1301	0.212
1301	1105	0.212
1105	1642	0.242
1642	1105	0.242
1105	1112	0.103
1112	1105	0.103
1105	1124	0.104
1124	1105	0.104
1105	394	0.321
394	1105	0.321
1105	466	0.273
466	1105	0.273
2574	2576	0.025
2576	2574	0.025
2574	2149	0.032
2149	2574	0.032
2574	2577	0.046
2577	2574	0.046
2574	2578	0.054
2578	2574	0.054
2627	375	0.288
375	2627	0.288
2627	390	0.249
390	2627	0.249
640	641	0.149
641	640	0.149
640	644	0.158
644	640	0.158
425	524	0.41
524	425	0.41
425	379	0.214
379	425	0.214
729	343	0.034
343	729	0.034
729	1175	0.026
1175	729	0.026
1684	669	0.498
669	1684	0.498
1684	670	0.362
670	1684	0.362
1684	1257	0.229
1257	1684	0.229
1620	1622	0.172
1622	1620	0.172
1620	1623	0.173
1623	1620	0.173
1620	1161	0.148
1161	1620	0.148
595	596	0.021
596	595	0.021
595	599	0.054
599	595	0.054
1847	1849	0.162
1849	1847	0.162
1212	1221	0.023
1221	1212	0.023
1106	52	0.28
52	1106	0.28
492	288	0.23
288	492	0.23
492	1593	0.264
1593	492	0.264
492	474	0.242
474	492	0.242
523	557	0.108
557	523	0.108
1076	1081	0.033
1081	1076	0.033
1076	1083	0.051
1083	1076	0.051
2575	2576	0.101
2576	2575	0.101
2575	2008	0.047
2008	2575	0.047
2575	2059	0.09
2059	2575	0.09
2575	2091	0.081
2091	2575	0.081
2575	539	0.239
539	2575	0.239
2575	2149	0.056
2149	2575	0.056
2575	2155	0.099
2155	2575	0.099
2575	2581	0.062
2581	2575	0.062
2575	2577	0.101
2577	2575	0.101
2575	2597	0.084
2597	2575	0.084
2575	2578	0.053
2578	2575	0.053
2575	2156	0.092
2156	2575	0.092
1532	1864	0.099
1864	1532	0.099
1532	1534	0.053
1534	1532	0.053
210	524	0.098
524	210	0.098
210	220	0.09
220	210	0.09
210	540	0.113
540	210	0.113
210	221	0.09
221	210	0.09
210	755	0.099
755	210	0.099
210	1270	0.093
1270	210	0.093
210	394	0.355
394	210	0.355
210	227	0.106
227	210	0.106
210	1567	0.243
1567	210	0.243
210	1568	0.244
1568	210	0.244
1915	1952	0.046
1952	1915	0.046
1915	1144	0.2
1144	1915	0.2
575	589	0.15
589	575	0.15
575	590	0.087
590	575	0.087
575	592	0.183
592	575	0.183
1917	1924	0.121
1924	1917	0.121
1917	1878	0.145
1878	1917	0.145
1917	2583	0.153
2583	1917	0.153
1917	1879	0.105
1879	1917	0.105
1917	1880	0.132
1880	1917	0.132
1917	2009	0.097
2009	1917	0.097
1917	2010	0.103
2010	1917	0.103
1917	1881	0.13
1881	1917	0.13
1917	1882	0.06
1882	1917	0.06
1917	2011	0.151
2011	1917	0.151
1917	1883	0.06
1883	1917	0.06
1917	2090	0.13
2090	1917	0.13
1917	2012	0.153
2012	1917	0.153
1917	1884	0.078
1884	1917	0.078
1917	1885	0.129
1885	1917	0.129
1917	2013	0.172
2013	1917	0.172
1917	1886	0.107
1886	1917	0.107
1917	1887	0.137
1887	1917	0.137
1917	2539	0.128
2539	1917	0.128
2628	2282	0.315
2282	2628	0.315
1802	1722	0.173
1722	1802	0.173
1802	1581	0.185
1581	1802	0.185
524	220	0.067
220	524	0.067
524	540	0.1
540	524	0.1
524	221	0.076
221	524	0.076
524	755	0.073
755	524	0.073
524	1270	0.08
1270	524	0.08
524	1564	0.234
1564	524	0.234
524	1565	0.246
1565	524	0.246
1021	1027	0.054
1027	1021	0.054
1021	1044	0.058
1044	1021	0.058
641	644	0.193
644	641	0.193
1689	541	0.056
541	1689	0.056
1022	52	0.282
52	1022	0.282
1022	2429	0.27
2429	1022	0.27
749	764	0.232
764	749	0.232
1924	1878	0.147
1878	1924	0.147
1924	2583	0.16
2583	1924	0.16
1924	1879	0.091
1879	1924	0.091
1924	1880	0.112
1880	1924	0.112
1924	2009	0.093
2009	1924	0.093
1924	2010	0.09
2010	1924	0.09
1924	1881	0.108
1881	1924	0.108
1924	1882	0.063
1882	1924	0.063
1924	2011	0.14
2011	1924	0.14
1924	1883	0.063
1883	1924	0.063
1924	2090	0.107
2090	1924	0.107
1924	2012	0.133
2012	1924	0.133
1924	1884	0.105
1884	1924	0.105
1924	1885	0.092
1885	1924	0.092
1924	2013	0.165
2013	1924	0.165
1924	1886	0.097
1886	1924	0.097
1924	1887	0.087
1887	1924	0.087
742	743	0.048
743	742	0.048
211	223	0.044
223	211	0.044
2629	2630	0.06
2630	2629	0.06
2629	2631	0.058
2631	2629	0.058
38	68	0.088
68	38	0.088
38	405	0.231
405	38	0.231
2257	2465	0.204
2465	2257	0.204
2257	2123	0.092
2123	2257	0.092
2257	1696	0.201
1696	2257	0.201
2257	2222	0.194
2222	2257	0.194
2257	2125	0.183
2125	2257	0.183
2257	1702	0.201
1702	2257	0.201
2257	2223	0.195
2223	2257	0.195
2257	2389	0.178
2389	2257	0.178
1170	1194	0.025
1194	1170	0.025
2606	2607	0.173
2607	2606	0.173
284	301	0.032
301	284	0.032
284	1647	0.088
1647	284	0.088
1078	1083	0.079
1083	1078	0.079
1078	1088	0.052
1088	1078	0.052
1078	1089	0.036
1089	1078	0.036
1148	1183	0.04
1183	1148	0.04
1148	1184	0.04
1184	1148	0.04
1148	1185	0.04
1185	1148	0.04
1148	1186	0.04
1186	1148	0.04
995	953	0.293
953	995	0.293
429	436	0.345
436	429	0.345
429	1232	0.224
1232	429	0.224
429	395	0.239
395	429	0.239
429	2513	0.243
2513	429	0.243
429	399	0.246
399	429	0.246
429	469	0.34
469	429	0.34
1743	2611	0.013
2611	1743	0.013
1743	1744	0.018
1744	1743	0.018
1743	2586	0.054
2586	1743	0.054
1743	2615	0.016
2615	1743	0.016
1743	2616	0.019
2616	1743	0.019
1743	2617	0.019
2617	1743	0.019
1743	2619	0.017
2619	1743	0.017
1743	2622	0.069
2622	1743	0.069
2611	1744	0.018
1744	2611	0.018
2611	2615	0.016
2615	2611	0.016
2611	2616	0.019
2616	2611	0.019
2611	2617	0.019
2617	2611	0.019
2611	2619	0.017
2619	2611	0.017
1744	2586	0.06
2586	1744	0.06
1744	2615	0.019
2615	1744	0.019
1744	2616	0.015
2616	1744	0.015
1744	2617	0.019
2617	1744	0.019
1744	2619	0.02
2619	1744	0.02
1744	2622	0.058
2622	1744	0.058
1214	1218	0.015
1218	1214	0.015
2352	2258	0.122
2258	2352	0.122
2352	2465	0.184
2465	2352	0.184
2352	2259	0.217
2259	2352	0.217
2352	2122	0.171
2122	2352	0.171
2352	2027	0.192
2027	2352	0.192
2352	2028	0.173
2028	2352	0.173
2352	1696	0.138
1696	2352	0.138
2352	2222	0.19
2222	2352	0.19
2352	2125	0.202
2125	2352	0.202
2352	1702	0.17
1702	2352	0.17
2352	2223	0.203
2223	2352	0.203
2352	2389	0.215
2389	2352	0.215
1963	1926	0.051
1926	1963	0.051
1963	1761	0.075
1761	1963	0.075
1963	1762	0.022
1762	1963	0.022
1172	1173	0.127
1173	1172	0.127
1172	1150	0.118
1150	1172	0.118
1172	178	0.134
178	1172	0.134
1172	1188	0.133
1188	1172	0.133
1172	1399	0.218
1399	1172	0.218
1172	1569	0.31
1569	1172	0.31
1172	1198	0.136
1198	1172	0.136
1966	2248	0.064
2248	1966	0.064
1966	2249	0.065
2249	1966	0.065
1966	2250	0.066
2250	1966	0.066
1966	1273	0.089
1273	1966	0.089
668	683	0.021
683	668	0.021
622	635	0.069
635	622	0.069
372	391	0.193
391	372	0.193
372	755	0.245
755	372	0.245
372	1270	0.257
1270	372	0.257
372	393	0.07
393	372	0.07
372	396	0.096
396	372	0.096
372	407	0.013
407	372	0.013
2612	2586	0.075
2586	2612	0.075
2612	2613	0.065
2613	2612	0.065
2612	2069	0.08
2069	2612	0.08
2612	2621	0.066
2621	2612	0.066
2612	2622	0.075
2622	2612	0.075
1149	167	0.093
167	1149	0.093
1149	1150	0.05
1150	1149	0.05
1149	1152	0.057
1152	1149	0.057
1149	178	0.112
178	1149	0.112
1149	1188	0.089
1188	1149	0.089
1149	191	0.081
191	1149	0.081
1149	1163	0.056
1163	1149	0.056
1149	1960	0.053
1960	1149	0.053
1149	197	0.098
197	1149	0.098
1149	1198	0.097
1198	1149	0.097
1149	201	0.067
201	1149	0.067
1967	1871	0.236
1871	1967	0.236
1967	1920	0.249
1920	1967	0.249
1291	1972	0.263
1972	1291	0.263
1291	1792	0.202
1792	1291	0.202
430	451	0.041
451	430	0.041
430	2068	0.242
2068	430	0.242
1673	2632	0.217
2632	1673	0.217
1108	493	0.014
493	1108	0.014
97	106	0.026
106	97	0.026
1893	970	0.226
970	1893	0.226
1893	1457	0.014
1457	1893	0.014
1893	1841	0.203
1841	1893	0.203
1109	1130	0.014
1130	1109	0.014
1728	1714	0.015
1714	1728	0.015
2633	2634	0.222
2634	2633	0.222
822	826	0.197
826	822	0.197
822	834	0.097
834	822	0.097
822	837	0.12
837	822	0.12
822	860	0.082
860	822	0.082
822	872	0.088
872	822	0.088
822	878	0.086
878	822	0.086
822	887	0.074
887	822	0.074
822	901	0.102
901	822	0.102
822	908	0.127
908	822	0.127
822	915	0.069
915	822	0.069
822	918	0.165
918	822	0.165
822	922	0.085
922	822	0.085
822	924	0.094
924	822	0.094
2586	2613	0.09
2613	2586	0.09
2586	2614	0.095
2614	2586	0.095
2586	2615	0.052
2615	2586	0.052
2586	2618	0.059
2618	2586	0.059
2586	2619	0.097
2619	2586	0.097
2586	2620	0.062
2620	2586	0.062
2586	2621	0.086
2621	2586	0.086
2586	2622	0.017
2622	2586	0.017
2586	2623	0.053
2623	2586	0.053
1009	1010	0.016
1010	1009	0.016
431	455	0.014
455	431	0.014
1381	1382	0.174
1382	1381	0.174
1381	1383	0.179
1383	1381	0.179
2576	2008	0.063
2008	2576	0.063
2576	2149	0.034
2149	2576	0.034
2576	2577	0.044
2577	2576	0.044
2576	2578	0.057
2578	2576	0.057
1724	1970	0.045
1970	1724	0.045
1724	1971	0.04
1971	1724	0.04
826	834	0.203
834	826	0.203
826	837	0.16
837	826	0.16
826	860	0.152
860	826	0.152
826	872	0.177
872	826	0.177
826	878	0.078
878	826	0.078
826	901	0.193
901	826	0.193
826	908	0.131
908	826	0.131
826	918	0.135
918	826	0.135
826	922	0.169
922	826	0.169
826	924	0.131
924	826	0.131
1814	1815	0.022
1815	1814	0.022
1814	1816	0.021
1816	1814	0.021
1814	1817	0.021
1817	1814	0.021
2635	2614	0.056
2614	2635	0.056
2635	2636	0.067
2636	2635	0.067
2635	2069	0.154
2069	2635	0.154
1709	1652	0.264
1652	1709	0.264
1709	2166	0.226
2166	1709	0.226
1685	1273	0.16
1273	1685	0.16
432	1987	0.271
1987	432	0.271
432	1988	0.275
1988	432	0.275
432	1557	0.267
1557	432	0.267
432	394	0.462
394	432	0.462
432	1235	0.222
1235	432	0.222
432	636	0.328
636	432	0.328
42	89	0.028
89	42	0.028
1079	1092	0.065
1092	1079	0.065
1412	1413	0.038
1413	1412	0.038
1412	446	0.111
446	1412	0.111
1412	1414	0.037
1414	1412	0.037
1412	1415	0.016
1415	1412	0.016
1412	1416	0.038
1416	1412	0.038
1412	465	0.039
465	1412	0.039
1412	1418	0.098
1418	1412	0.098
1440	1441	0.107
1441	1440	0.107
1440	1445	0.084
1445	1440	0.084
1440	1061	0.217
1061	1440	0.217
1440	1446	0.106
1446	1440	0.106
828	864	0.015
864	828	0.015
828	1567	0.213
1567	828	0.213
828	1568	0.206
1568	828	0.206
828	199	0.265
199	828	0.265
2002	1968	0.018
1968	2002	0.018
751	759	0.032
759	751	0.032
751	262	0.201
262	751	0.201
751	768	0.097
768	751	0.097
623	1725	0.023
1725	623	0.023
1024	1028	0.11
1028	1024	0.11
1024	1039	0.11
1039	1024	0.11
1204	1206	0.218
1206	1204	0.218
2008	2091	0.065
2091	2008	0.065
2008	2149	0.061
2149	2008	0.061
2008	2637	0.021
2637	2008	0.021
2008	2577	0.067
2577	2008	0.067
2008	2597	0.058
2597	2008	0.058
2008	2578	0.054
2578	2008	0.054
2613	2626	0.025
2626	2613	0.025
2613	2495	0.014
2495	2613	0.014
2613	2621	0.013
2621	2613	0.013
2613	2622	0.051
2622	2613	0.051
2613	2623	0.027
2623	2613	0.027
1384	1731	0.193
1731	1384	0.193
1384	1704	0.115
1704	1384	0.115
687	1012	0.237
1012	687	0.237
374	375	0.077
375	374	0.077
374	379	0.364
379	374	0.364
374	383	0.501
383	374	0.501
374	390	0.106
390	374	0.106
374	398	0.08
398	374	0.08
374	409	0.27
409	374	0.27
374	412	0.091
412	374	0.091
433	2073	0.043
2073	433	0.043
433	2144	0.058
2144	433	0.058
433	2150	0.065
2150	433	0.065
433	2162	0.127
2162	433	0.127
433	2163	0.058
2163	433	0.058
931	934	0.128
934	931	0.128
931	938	0.127
938	931	0.127
931	940	0.124
940	931	0.124
1173	167	0.116
167	1173	0.116
1173	170	0.114
170	1173	0.114
1173	178	0.184
178	1173	0.184
1173	1188	0.033
1188	1173	0.033
1173	191	0.158
191	1173	0.158
1173	197	0.177
197	1173	0.177
1173	1198	0.081
1198	1173	0.081
1173	201	0.105
201	1173	0.105
2638	2282	0.303
2282	2638	0.303
434	1033	0.245
1033	434	0.245
2015	1350	0.034
1350	2015	0.034
2015	1247	0.04
1247	2015	0.04
2015	2078	0.017
2078	2015	0.017
2015	2105	0.046
2105	2015	0.046
2015	690	0.056
690	2015	0.056
2015	1236	0.039
1236	2015	0.039
2015	2111	0.028
2111	2015	0.028
1908	1909	0.058
1909	1908	0.058
167	1150	0.06
1150	167	0.06
167	848	0.221
848	167	0.221
167	1152	0.086
1152	167	0.086
167	178	0.236
178	167	0.236
167	181	0.161
181	167	0.161
167	185	0.151
185	167	0.151
167	1188	0.125
1188	167	0.125
167	191	0.207
191	167	0.207
167	1163	0.085
1163	167	0.085
167	1960	0.076
1960	167	0.076
167	197	0.063
197	167	0.063
167	1198	0.118
1198	167	0.118
167	201	0.063
201	167	0.063
213	1260	0.054
1260	213	0.054
133	391	0.205
391	133	0.205
1819	1853	0.016
1853	1819	0.016
1819	2131	0.133
2131	1819	0.133
1025	1040	0.015
1040	1025	0.015
1025	1897	0.499
1897	1025	0.499
1621	583	0.021
583	1621	0.021
1852	1853	0.018
1853	1852	0.018
1630	1560	0.015
1560	1630	0.015
2023	2134	0.044
2134	2023	0.044
528	537	0.016
537	528	0.016
1692	2080	0.058
2080	1692	0.058
435	448	0.014
448	435	0.014
46	50	0.14
50	46	0.14
1548	1549	0.014
1549	1548	0.014
1548	1669	0.087
1669	1548	0.087
375	379	0.333
379	375	0.333
375	383	0.482
383	375	0.482
375	390	0.132
390	375	0.132
375	408	0.211
408	375	0.211
375	409	0.426
409	375	0.426
375	412	0.116
412	375	0.116
669	670	0.037
670	669	0.037
1174	1177	0.023
1177	1174	0.023
1174	1182	0.049
1182	1174	0.049
1174	1193	0.058
1193	1174	0.058
2034	2118	0.262
2118	2034	0.262
2034	2119	0.121
2119	2034	0.121
2034	2120	0.395
2120	2034	0.395
1301	288	0.257
288	1301	0.257
1301	1980	0.231
1980	1301	0.231
1301	1112	0.211
1112	1301	0.211
1301	1029	0.283
1029	1301	0.283
1301	1118	0.251
1118	1301	0.251
1301	540	0.229
540	1301	0.229
1301	755	0.225
755	1301	0.225
1301	393	0.299
393	1301	0.299
1301	481	0.21
481	1301	0.21
1301	1061	0.256
1061	1301	0.256
1413	446	0.085
446	1413	0.085
1413	1414	0.024
1414	1413	0.024
1413	1415	0.036
1415	1413	0.036
1413	1416	0.016
1416	1413	0.016
1413	1417	0.043
1417	1413	0.043
1413	1418	0.086
1418	1413	0.086
2258	1844	0.38
1844	2258	0.38
2258	2465	0.21
2465	2258	0.21
2258	2259	0.291
2259	2258	0.291
2258	1697	0.185
1697	2258	0.185
2258	2125	0.186
2125	2258	0.186
2258	2388	0.258
2388	2258	0.258
2258	2032	0.19
2032	2258	0.19
2258	2389	0.119
2389	2258	0.119
1026	1045	0.507
1045	1026	0.507
113	116	0.015
116	113	0.015
113	1235	0.232
1235	113	0.232
113	2112	0.216
2112	113	0.216
343	730	0.047
730	343	0.047
1979	380	0.25
380	1979	0.25
1979	386	0.213
386	1979	0.213
1979	2112	0.28
2112	1979	0.28
1642	288	0.297
288	1642	0.297
1642	1288	0.28
1288	1642	0.28
1642	1124	0.22
1124	1642	0.22
1642	1235	0.283
1235	1642	0.283
1642	502	0.24
502	1642	0.24
1642	400	0.246
400	1642	0.246
1642	1060	0.222
1060	1642	0.222
1642	506	0.23
506	1642	0.23
1642	478	0.262
478	1642	0.262
1642	199	0.283
199	1642	0.283
1642	1446	0.278
1446	1642	0.278
1642	1257	0.281
1257	1642	0.281
1717	1686	0.257
1686	1717	0.257
1717	1720	0.26
1720	1717	0.26
1027	1044	0.1
1044	1027	0.1
288	1567	0.263
1567	288	0.263
288	1568	0.263
1568	288	0.263
596	599	0.043
599	596	0.043
1870	1872	0.028
1872	1870	0.028
248	226	0.284
226	248	0.284
248	233	0.406
233	248	0.406
1878	2583	0.172
2583	1878	0.172
1878	1879	0.112
1879	1878	0.112
1878	1880	0.127
1880	1878	0.127
1878	2009	0.094
2009	1878	0.094
1878	2010	0.109
2010	1878	0.109
1878	1881	0.085
1881	1878	0.085
1878	1882	0.088
1882	1878	0.088
1878	2011	0.143
2011	1878	0.143
1878	1883	0.088
1883	1878	0.088
1878	2090	0.116
2090	1878	0.116
1878	2012	0.165
2012	1878	0.165
1878	1884	0.08
1884	1878	0.08
1878	1885	0.143
1885	1878	0.143
1878	2013	0.162
2013	1878	0.162
1878	1886	0.107
1886	1878	0.107
1878	1887	0.146
1887	1878	0.146
1878	2539	0.144
2539	1878	0.144
1622	1623	0.194
1623	1622	0.194
1622	1161	0.192
1161	1622	0.192
1350	1247	0.015
1247	1350	0.015
1350	2038	0.042
2038	1350	0.042
1350	690	0.034
690	1350	0.034
1350	1251	0.049
1251	1350	0.049
49	51	0.151
51	49	0.151
49	62	0.16
62	49	0.16
49	71	0.122
71	49	0.122
2614	2620	0.03
2620	2614	0.03
2614	2622	0.066
2622	2614	0.066
214	225	0.141
225	214	0.141
214	229	0.11
229	214	0.11
214	230	0.098
230	214	0.098
214	203	0.12
203	214	0.12
214	231	0.102
231	214	0.102
214	232	0.146
232	214	0.146
359	564	0.054
564	359	0.054
289	1313	0.239
1313	289	0.239
289	1314	0.239
1314	289	0.239
1247	2078	0.043
2078	1247	0.043
1247	2105	0.074
2105	1247	0.074
1247	690	0.058
690	1247	0.058
1247	2111	0.044
2111	1247	0.044
2636	2069	0.07
2069	2636	0.07
2636	2624	0.114
2624	2636	0.114
1382	1383	0.037
1383	1382	0.037
1865	1866	0.042
1866	1865	0.042
2054	2058	0.155
2058	2054	0.155
2059	2149	0.061
2149	2059	0.061
2059	2155	0.054
2155	2059	0.054
2059	2577	0.075
2577	2059	0.075
2059	2578	0.067
2578	2059	0.067
2059	2156	0.051
2156	2059	0.051
1538	1540	0.045
1540	1538	0.045
1538	1543	0.02
1543	1538	0.02
1539	1544	0.009
1544	1539	0.009
777	780	0.013
780	777	0.013
777	784	0.013
784	777	0.013
114	124	0.017
124	114	0.017
114	125	0.013
125	114	0.013
115	123	0.024
123	115	0.024
115	126	0.013
126	115	0.013
834	837	0.094
837	834	0.094
834	860	0.062
860	834	0.062
834	872	0.084
872	834	0.084
834	908	0.17
908	834	0.17
834	918	0.161
918	834	0.161
834	922	0.073
922	834	0.073
834	924	0.113
924	834	0.113
1570	1575	0.016
1575	1570	0.016
2046	2047	0.024
2047	2046	0.024
51	62	0.133
62	51	0.133
51	71	0.155
71	51	0.155
1028	1039	0.013
1039	1028	0.013
1935	1937	0.151
1937	1935	0.151
1935	1938	0.084
1938	1935	0.084
1935	1939	0.14
1939	1935	0.14
1935	1945	0.082
1945	1935	0.082
376	437	0.262
437	376	0.262
376	505	0.21
505	376	0.21
1987	1988	0.017
1988	1987	0.017
671	674	0.103
674	671	0.103
1975	1976	0.103
1976	1975	0.103
1782	1976	0.063
1976	1782	0.063
1782	2157	0.015
2157	1782	0.015
377	1036	0.201
1036	377	0.201
377	221	0.26
221	377	0.26
377	1043	0.277
1043	377	0.277
377	1271	0.396
1271	377	0.396
377	398	0.041
398	377	0.041
377	2168	0.309
2168	377	0.309
377	508	0.412
508	377	0.412
377	1257	0.206
1257	377	0.206
1353	451	0.322
451	1353	0.322
437	481	0.378
481	437	0.378
438	441	0.014
441	438	0.014
438	1125	0.234
1125	438	0.234
2639	1655	0.241
1655	2639	0.241
2639	2640	0.279
2640	2639	0.279
2363	2466	0.181
2466	2363	0.181
2363	2338	0.106
2338	2363	0.106
2363	2287	0.488
2287	2363	0.488
2363	2176	0.207
2176	2363	0.207
1150	1152	0.04
1152	1150	0.04
1150	178	0.096
178	1150	0.096
1150	191	0.081
191	1150	0.081
1150	1163	0.049
1163	1150	0.049
1150	1960	0.043
1960	1150	0.043
1150	197	0.092
197	1150	0.092
1150	1198	0.086
1198	1150	0.086
1150	201	0.071
201	1150	0.071
1947	1036	0.237
1036	1947	0.237
1947	507	0.506
507	1947	0.506
2583	1879	0.146
1879	2583	0.146
2583	1880	0.18
1880	2583	0.18
2583	2009	0.192
2009	2583	0.192
2583	2010	0.125
2010	2583	0.125
2583	1881	0.159
1881	2583	0.159
2583	2011	0.169
2011	2583	0.169
2583	2090	0.186
2090	2583	0.186
2583	2012	0.137
2012	2583	0.137
2583	1884	0.155
1884	2583	0.155
2583	1885	0.122
1885	2583	0.122
2583	2013	0.147
2013	2583	0.147
2583	1886	0.19
1886	2583	0.19
2583	1887	0.158
1887	2583	0.158
2583	2539	0.179
2539	2583	0.179
1112	1124	0.412
1124	1112	0.412
1029	1137	0.286
1137	1029	0.286
1029	198	0.374
198	1029	0.374
1029	636	0.239
636	1029	0.239
1029	1061	0.014
1061	1029	0.014
1463	1899	0.47
1899	1463	0.47
1463	2091	0.108
2091	1463	0.108
1463	1905	0.108
1905	1463	0.108
1879	1880	0.086
1880	1879	0.086
1879	2009	0.077
2009	1879	0.077
1879	2010	0.089
2010	1879	0.089
1879	1881	0.103
1881	1879	0.103
1879	1882	0.07
1882	1879	0.07
1879	2011	0.118
2011	1879	0.118
1879	1883	0.07
1883	1879	0.07
1879	2090	0.087
2090	1879	0.087
1879	2012	0.136
2012	1879	0.136
1879	1884	0.095
1884	1879	0.095
1879	1885	0.052
1885	1879	0.052
1879	2013	0.134
2013	1879	0.134
1879	1886	0.102
1886	1879	0.102
1879	1887	0.068
1887	1879	0.068
1879	2539	0.067
2539	1879	0.067
1227	1523	0.043
1523	1227	0.043
1844	2122	0.336
2122	1844	0.336
1844	2123	0.089
2123	1844	0.089
1844	1697	0.145
1697	1844	0.145
1844	2388	0.444
2388	1844	0.444
1844	2032	0.378
2032	1844	0.378
1649	1650	0.214
1650	1649	0.214
1649	1651	0.455
1651	1649	0.455
2073	2144	0.056
2144	2073	0.056
2073	2150	0.049
2150	2073	0.049
2073	2162	0.093
2162	2073	0.093
2073	2163	0.053
2163	2073	0.053
251	264	0.057
264	251	0.057
1113	1142	0.013
1142	1113	0.013
52	1554	0.096
1554	52	0.096
52	1306	0.23
1306	52	0.23
1032	1055	0.014
1055	1032	0.014
1354	1364	0.021
1364	1354	0.021
1937	1938	0.143
1938	1937	0.143
1937	1939	0.129
1939	1937	0.129
1937	1945	0.139
1945	1937	0.139
1976	2157	0.066
2157	1976	0.066
1880	2009	0.095
2009	1880	0.095
1880	2010	0.099
2010	1880	0.099
1880	1881	0.101
1881	1880	0.101
1880	1882	0.057
1882	1880	0.057
1880	2011	0.186
2011	1880	0.186
1880	1883	0.057
1883	1880	0.057
1880	2090	0.109
2090	1880	0.109
1880	2012	0.13
2012	1880	0.13
1880	1884	0.1
1884	1880	0.1
1880	1885	0.091
1885	1880	0.091
1880	2013	0.141
2013	1880	0.141
1880	1886	0.097
1886	1880	0.097
1880	1887	0.098
1887	1880	0.098
837	839	0.168
839	837	0.168
837	840	0.192
840	837	0.192
837	860	0.06
860	837	0.06
837	872	0.065
872	837	0.065
837	878	0.12
878	837	0.12
837	901	0.124
901	837	0.124
837	908	0.153
908	837	0.153
837	918	0.125
918	837	0.125
837	922	0.085
922	837	0.085
837	924	0.096
924	837	0.096
673	674	0.133
674	673	0.133
673	676	0.223
676	673	0.223
673	679	0.2
679	673	0.2
673	680	0.211
680	673	0.211
1665	1667	0.141
1667	1665	0.141
1665	1668	0.092
1668	1665	0.092
1665	1669	0.136
1669	1665	0.136
116	1235	0.23
1235	116	0.23
116	2112	0.219
2112	116	0.219
116	479	0.201
479	116	0.201
961	962	0.123
962	961	0.123
961	963	0.035
963	961	0.035
961	965	0.101
965	961	0.101
1441	1445	0.084
1445	1441	0.084
1441	1446	0.089
1446	1441	0.089
1686	1720	0.089
1720	1686	0.089
2078	2105	0.061
2105	2078	0.061
2078	2038	0.163
2038	2078	0.163
2078	690	0.058
690	2078	0.058
2078	2107	0.163
2107	2078	0.163
2078	2111	0.027
2111	2078	0.027
2078	1254	0.074
1254	2078	0.074
2079	2285	0.21
2285	2079	0.21
950	960	0.111
960	950	0.111
1838	1916	0.209
1916	1838	0.209
1838	505	0.204
505	1838	0.204
981	1873	0.192
1873	981	0.192
981	1875	0.187
1875	981	0.187
252	253	0.085
253	252	0.085
2003	2004	0.164
2004	2003	0.164
1319	83	0.122
83	1319	0.122
1843	508	0.238
508	1843	0.238
2039	2040	0.015
2040	2039	0.015
2039	1133	0.244
1133	2039	0.244
2039	480	0.333
480	2039	0.333
170	1188	0.114
1188	170	0.114
170	191	0.097
191	170	0.097
170	1960	0.077
1960	170	0.077
170	1198	0.119
1198	170	0.119
171	184	0.014
184	171	0.014
171	398	0.23
398	171	0.23
839	840	0.206
840	839	0.206
839	871	0.047
871	839	0.047
839	878	0.039
878	839	0.039
839	905	0.048
905	839	0.048
839	915	0.05
915	839	0.05
839	926	0.054
926	839	0.054
529	552	0.021
552	529	0.021
840	915	0.152
915	840	0.152
1899	2091	0.145
2091	1899	0.145
1899	1903	0.086
1903	1899	0.086
2087	2141	0.2
2141	2087	0.2
997	481	0.249
481	997	0.249
997	1006	0.014
1006	997	0.014
2248	2249	0.015
2249	2248	0.015
2248	2250	0.016
2250	2248	0.016
1033	2640	0.234
2640	1033	0.234
378	381	0.113
381	378	0.113
378	1144	0.3
1144	378	0.3
969	1792	0.213
1792	969	0.213
440	487	0.014
487	440	0.014
1821	1827	0.044
1827	1821	0.044
1821	1830	0.017
1830	1821	0.017
134	136	0.2
136	134	0.2
134	147	0.015
147	134	0.015
1449	1450	0.027
1450	1449	0.027
379	383	0.056
383	379	0.056
379	1491	0.213
1491	379	0.213
379	390	0.157
390	379	0.157
379	398	0.04
398	379	0.04
379	400	0.044
400	379	0.044
379	405	0.031
405	379	0.031
379	408	0.093
408	379	0.093
379	409	0.062
409	379	0.062
379	412	0.166
412	379	0.166
441	1125	0.234
1125	441	0.234
1228	1363	0.02
1363	1228	0.02
1228	2111	0.043
2111	1228	0.043
1114	1127	0.032
1127	1114	0.032
380	1235	0.249
1235	380	0.249
380	480	0.217
480	380	0.217
1955	2456	0.115
2456	1955	0.115
1955	2466	0.19
2466	1955	0.19
1955	2415	0.191
2415	1955	0.191
951	956	0.192
956	951	0.192
951	226	0.471
226	951	0.471
951	233	0.522
233	951	0.522
951	469	0.074
469	951	0.074
295	767	0.122
767	295	0.122
1288	550	0.231
550	1288	0.231
1334	1335	0.027
1335	1334	0.027
2091	2581	0.062
2581	2091	0.062
2091	2637	0.065
2637	2091	0.065
2091	2577	0.043
2577	2091	0.043
2091	2597	0.04
2597	2091	0.04
2091	2578	0.063
2578	2091	0.063
2091	2156	0.031
2156	2091	0.031
297	308	0.015
308	297	0.015
297	310	0.014
310	297	0.014
530	557	0.135
557	530	0.135
1217	1220	0.02
1220	1217	0.02
382	384	0.19
384	382	0.19
382	400	0.2
400	382	0.2
218	360	0.014
360	218	0.014
2590	2592	0.202
2592	2590	0.202
2590	2593	0.181
2593	2590	0.181
2590	2595	0.131
2595	2590	0.131
532	555	0.036
555	532	0.036
533	582	0.032
582	533	0.032
533	588	0.072
588	533	0.072
383	390	0.337
390	383	0.337
383	497	0.22
497	383	0.22
383	398	0.051
398	383	0.051
383	400	0.045
400	383	0.045
383	409	0.066
409	383	0.066
383	412	0.094
412	383	0.094
56	61	0.014
61	56	0.014
56	77	0.019
77	56	0.019
56	88	0.019
88	56	0.019
56	90	0.019
90	56	0.019
1067	459	0.216
459	1067	0.216
1067	192	0.415
192	1067	0.415
1571	1572	0.015
1572	1571	0.015
2601	2602	0.097
2602	2601	0.097
2601	2603	0.058
2603	2601	0.058
2601	2154	0.081
2154	2601	0.081
2601	2604	0.066
2604	2601	0.066
2601	2552	0.134
2552	2601	0.134
1557	1124	0.245
1124	1557	0.245
1557	401	0.218
401	1557	0.218
1557	1495	0.232
1495	1557	0.232
1557	1496	0.231
1496	1557	0.231
1557	636	0.331
636	1557	0.331
1666	1894	0.251
1894	1666	0.251
1666	322	0.334
322	1666	0.334
1666	1563	0.454
1563	1666	0.454
1666	502	0.211
502	1666	0.211
1666	1313	0.221
1313	1666	0.221
1666	405	0.375
405	1666	0.375
1666	1314	0.221
1314	1666	0.221
2641	2642	0.128
2642	2641	0.128
2641	2535	0.023
2535	2641	0.023
2642	2535	0.116
2535	2642	0.116
1501	1505	0.014
1505	1501	0.014
1502	1505	0.018
1505	1502	0.018
1502	1508	0.018
1508	1502	0.018
1036	1043	0.014
1043	1036	0.014
1036	198	0.274
198	1036	0.274
1177	1182	0.052
1182	1177	0.052
1177	1193	0.066
1193	1177	0.066
1767	1769	0.053
1769	1767	0.053
443	453	0.014
453	443	0.014
1178	1181	0.034
1181	1178	0.034
1178	1143	0.327
1143	1178	0.327
1178	1145	0.441
1145	1178	0.441
1871	1920	0.194
1920	1871	0.194
1068	1122	0.215
1122	1068	0.215
1068	1986	0.23
1986	1068	0.23
299	320	0.114
320	299	0.114
1229	1233	0.015
1233	1229	0.015
704	714	0.1
714	704	0.1
704	152	0.153
152	704	0.153
1652	2587	0.206
2587	1652	0.206
1652	1653	0.069
1653	1652	0.069
1356	1362	0.07
1362	1356	0.07
2080	1812	0.128
1812	2080	0.128
2080	1825	0.086
1825	2080	0.086
2080	1826	0.069
1826	2080	0.069
2080	1829	0.041
1829	2080	0.041
2080	1753	0.071
1753	2080	0.071
1609	1612	0.182
1612	1609	0.182
1631	1632	0.015
1632	1631	0.015
1687	2006	0.185
2006	1687	0.185
1687	2007	0.203
2007	1687	0.203
1592	1599	0.032
1599	1592	0.032
1592	1604	0.037
1604	1592	0.037
1081	1083	0.076
1083	1081	0.076
1081	1089	0.041
1089	1081	0.041
446	1414	0.089
1414	446	0.089
446	1415	0.108
1415	446	0.108
446	1416	0.088
1416	446	0.088
446	1417	0.126
1417	446	0.126
446	465	0.095
465	446	0.095
446	1418	0.129
1418	446	0.129
2009	2010	0.053
2010	2009	0.053
2009	1881	0.084
1881	2009	0.084
2009	1882	0.063
1882	2009	0.063
2009	2011	0.114
2011	2009	0.114
2009	1883	0.063
1883	2009	0.063
2009	2090	0.067
2090	2009	0.067
2009	2012	0.11
2012	2009	0.11
2009	1884	0.074
1884	2009	0.074
2009	1885	0.079
1885	2009	0.079
2009	2013	0.12
2013	2009	0.12
2009	1886	0.087
1886	2009	0.087
753	1124	0.221
1124	753	0.221
386	2429	0.211
2429	386	0.211
386	406	0.464
406	386	0.464
386	1897	0.224
1897	386	0.224
386	636	0.279
636	386	0.279
1894	1118	0.291
1118	1894	0.291
2615	2616	0.02
2616	2615	0.02
2615	2617	0.02
2617	2615	0.02
2615	2619	0.02
2619	2615	0.02
2615	2623	0.02
2623	2615	0.02
2616	2617	0.019
2617	2616	0.019
2616	2618	0.021
2618	2616	0.021
2616	2619	0.022
2619	2616	0.022
2616	2622	0.063
2622	2616	0.063
2617	2619	0.018
2619	2617	0.018
1926	1761	0.061
1761	1926	0.061
1926	1762	0.065
1762	1926	0.065
674	676	0.172
676	674	0.172
674	679	0.18
679	674	0.18
674	680	0.196
680	674	0.196
302	316	0.071
316	302	0.071
1623	1161	0.172
1161	1623	0.172
1230	1237	0.015
1237	1230	0.015
1230	478	0.22
478	1230	0.22
1118	221	0.352
221	1118	0.352
1118	454	0.307
454	1118	0.307
582	588	0.064
588	582	0.064
848	391	0.326
391	848	0.326
848	1306	0.259
1306	848	0.259
2010	1881	0.067
1881	2010	0.067
2010	1882	0.075
1882	2010	0.075
2010	2011	0.115
2011	2010	0.115
2010	1883	0.075
1883	2010	0.075
2010	2090	0.069
2090	2010	0.069
2010	2012	0.115
2012	2010	0.115
2010	1884	0.077
1884	2010	0.077
2010	1885	0.082
1885	2010	0.082
2010	2013	0.129
2013	2010	0.129
2010	1886	0.094
1886	2010	0.094
2010	1887	0.079
1887	2010	0.079
2010	2539	0.082
2539	2010	0.082
61	77	0.02
77	61	0.02
61	88	0.02
88	61	0.02
61	90	0.02
90	61	0.02
536	565	0.016
565	536	0.016
173	176	0.013
176	173	0.013
173	395	0.35
395	173	0.35
173	1564	0.327
1564	173	0.327
173	1565	0.302
1565	173	0.302
173	399	0.355
399	173	0.355
173	476	0.271
476	173	0.271
173	478	0.405
478	173	0.405
173	485	0.364
485	173	0.364
1151	14	0.018
14	1151	0.018
934	938	0.016
938	934	0.016
1121	1144	0.142
1144	1121	0.142
1121	1986	0.257
1986	1121	0.257
1082	1084	0.064
1084	1082	0.064
2465	2027	0.256
2027	2465	0.256
2465	2028	0.256
2028	2465	0.256
2465	1696	0.111
1696	2465	0.111
2465	2125	0.218
2125	2465	0.218
2465	1702	0.24
1702	2465	0.24
2465	2388	0.222
2388	2465	0.222
2465	2032	0.223
2032	2465	0.223
2465	2223	0.195
2223	2465	0.195
2465	2389	0.203
2389	2465	0.203
1040	1897	0.498
1897	1040	0.498
2466	2415	0.174
2415	2466	0.174
2466	2338	0.44
2338	2466	0.44
2466	2287	0.139
2287	2466	0.139
1549	1669	0.096
1669	1549	0.096
707	662	0.071
662	707	0.071
707	663	0.073
663	707	0.073
495	182	0.237
182	495	0.237
495	226	0.26
226	495	0.26
495	2643	0.343
2643	495	0.343
495	404	0.342
404	495	0.342
495	479	0.288
479	495	0.288
2037	2038	0.048
2038	2037	0.048
2037	1250	0.032
1250	2037	0.032
2037	1136	0.227
1136	2037	0.227
1594	1595	0.173
1595	1594	0.173
1594	1596	0.077
1596	1594	0.077
1594	1601	0.177
1601	1594	0.177
1938	1939	0.141
1939	1938	0.141
1938	1945	0.089
1945	1938	0.089
100	108	0.01
108	100	0.01
2006	1688	0.194
1688	2006	0.194
2006	2007	0.267
2007	2006	0.267
220	540	0.104
540	220	0.104
220	221	0.08
221	220	0.08
220	755	0.061
755	220	0.061
220	1270	0.065
1270	220	0.065
220	227	0.081
227	220	0.081
220	400	0.425
400	220	0.425
220	474	0.241
474	220	0.241
220	636	0.32
636	220	0.32
935	941	0.071
941	935	0.071
2602	2603	0.081
2603	2602	0.081
2602	2154	0.098
2154	2602	0.098
2602	2604	0.112
2604	2602	0.112
1995	1505	0.013
1505	1995	0.013
1995	1508	0.013
1508	1995	0.013
1491	2513	0.224
2513	1491	0.224
970	1457	0.229
1457	970	0.229
1823	2130	0.089
2130	1823	0.089
1823	2131	0.087
2131	1823	0.087
1823	2132	0.092
2132	1823	0.092
2024	1833	0.016
1833	2024	0.016
1595	1602	0.131
1602	1595	0.131
1596	1597	0.143
1597	1596	0.143
1596	1477	0.054
1477	1596	0.054
1596	1602	0.12
1602	1596	0.12
307	313	0.026
313	307	0.026
390	398	0.252
398	390	0.252
390	408	0.078
408	390	0.078
390	409	0.387
409	390	0.387
390	412	0.1
412	390	0.1
540	221	0.097
221	540	0.097
540	755	0.095
755	540	0.095
540	1270	0.104
1270	540	0.104
221	755	0.069
755	221	0.069
221	1270	0.073
1270	221	0.073
1881	1882	0.052
1882	1881	0.052
1881	2011	0.141
2011	1881	0.141
1881	1883	0.052
1883	1881	0.052
1881	2090	0.118
2090	1881	0.118
1881	2012	0.126
2012	1881	0.126
1881	1884	0.055
1884	1881	0.055
1881	1885	0.099
1885	1881	0.099
1881	2013	0.132
2013	1881	0.132
1881	1886	0.072
1886	1881	0.072
1414	1415	0.036
1415	1414	0.036
1414	1416	0.024
1416	1414	0.024
1414	1417	0.045
1417	1414	0.045
1414	465	0.029
465	1414	0.029
1414	1418	0.094
1418	1414	0.094
627	629	0.015
629	627	0.015
1873	1875	0.067
1875	1873	0.067
308	310	0.015
310	308	0.015
62	71	0.164
71	62	0.164
1992	1993	0.03
1993	1992	0.03
1278	1280	0.191
1280	1278	0.191
391	393	0.134
393	391	0.134
391	396	0.106
396	391	0.106
391	407	0.193
407	391	0.193
856	2007	0.209
2007	856	0.209
755	1270	0.079
1270	755	0.079
755	227	0.127
227	755	0.127
755	404	0.21
404	755	0.21
755	407	0.245
407	755	0.245
1776	1329	0.067
1329	1776	0.067
1882	2011	0.103
2011	1882	0.103
1882	1883	0.013
1883	1882	0.013
1882	2090	0.058
2090	1882	0.058
1882	2012	0.078
2012	1882	0.078
1882	1884	0.056
1884	1882	0.056
1882	1885	0.058
1885	1882	0.058
1882	1887	0.056
1887	1882	0.056
1882	2539	0.059
2539	1882	0.059
2330	2644	0.017
2644	2330	0.017
860	872	0.019
872	860	0.019
860	901	0.082
901	860	0.082
860	918	0.174
918	860	0.174
860	922	0.022
922	860	0.022
175	177	0.014
177	175	0.014
1041	1046	0.014
1046	1041	0.014
1517	1661	0.057
1661	1517	0.057
541	551	0.029
551	541	0.029
2624	2626	0.019
2626	2624	0.019
2624	2623	0.016
2623	2624	0.016
2626	2623	0.013
2623	2626	0.013
1505	1508	0.013
1508	1505	0.013
605	201	0.267
201	605	0.267
1083	1088	0.057
1088	1083	0.057
1083	1089	0.068
1089	1083	0.068
1939	1945	0.14
1945	1939	0.14
1415	1416	0.036
1416	1415	0.036
1415	1417	0.032
1417	1415	0.032
1415	465	0.038
465	1415	0.038
1415	1418	0.098
1418	1415	0.098
759	768	0.095
768	759	0.095
1124	466	0.301
466	1124	0.301
1270	1466	0.215
1466	1270	0.215
1270	407	0.257
407	1270	0.257
985	989	0.065
989	985	0.065
985	990	0.063
990	985	0.063
1232	1466	0.201
1466	1232	0.201
1232	1235	0.108
1235	1232	0.108
1232	2112	0.136
2112	1232	0.136
1232	694	0.279
694	1232	0.279
392	454	0.29
454	392	0.29
392	411	0.015
411	392	0.015
1761	1762	0.061
1762	1761	0.061
2634	2645	0.204
2645	2634	0.204
1126	1564	0.251
1564	1126	0.251
1126	1565	0.221
1565	1126	0.221
676	679	0.05
679	676	0.05
676	680	0.029
680	676	0.029
1492	1235	0.203
1235	1492	0.203
176	395	0.35
395	176	0.35
176	1564	0.327
1564	176	0.327
176	1565	0.302
1565	176	0.302
176	399	0.355
399	176	0.355
176	476	0.271
476	176	0.271
176	478	0.405
478	176	0.405
176	485	0.364
485	176	0.364
2603	2154	0.07
2154	2603	0.07
2603	2604	0.066
2604	2603	0.066
2086	1805	0.234
1805	2086	0.234
1540	1543	0.015
1543	1540	0.015
1540	1545	0.069
1545	1540	0.069
780	784	0.013
784	780	0.013
2495	2621	0.014
2621	2495	0.014
2495	2623	0.025
2623	2495	0.025
1874	1616	0.028
1616	1874	0.028
1043	2168	0.243
2168	1043	0.243
1043	1495	0.212
1495	1043	0.212
1043	1496	0.209
1496	1043	0.209
497	2643	0.247
2643	497	0.247
1940	461	0.124
461	1940	0.124
2259	2122	0.203
2122	2259	0.203
2259	2388	0.382
2388	2259	0.382
1181	1143	0.218
1143	1181	0.218
1181	1145	0.509
1145	1181	0.509
1597	1598	0.362
1598	1597	0.362
1597	1601	0.456
1601	1597	0.456
2144	2162	0.098
2162	2144	0.098
2144	2163	0.064
2163	2144	0.064
544	562	0.049
562	544	0.049
2282	2646	0.338
2646	2282	0.338
67	75	0.027
75	67	0.027
1739	1741	0.056
1741	1739	0.056
1344	1330	0.017
1330	1344	0.017
256	259	0.042
259	256	0.042
256	262	0.211
262	256	0.211
936	1403	0.04
1403	936	0.04
451	1257	0.284
1257	451	0.284
1152	178	0.097
178	1152	0.097
1152	394	0.217
394	1152	0.217
1152	191	0.062
191	1152	0.062
1152	1163	0.05
1163	1152	0.05
1152	1960	0.049
1960	1152	0.049
1152	197	0.087
197	1152	0.087
1152	1198	0.091
1198	1152	0.091
1152	201	0.09
201	1152	0.09
1084	1090	0.089
1090	1084	0.089
1336	1337	0.055
1337	1336	0.055
1688	2007	0.206
2007	1688	0.206
2584	1137	0.238
1137	2584	0.238
2584	480	0.234
480	2584	0.234
871	878	0.056
878	871	0.056
871	915	0.066
915	871	0.066
872	901	0.083
901	872	0.083
872	905	0.075
905	872	0.075
872	908	0.084
908	872	0.084
872	918	0.112
918	872	0.112
872	922	0.022
922	872	0.022
393	396	0.131
396	393	0.131
393	1466	0.277
1466	393	0.277
393	407	0.07
407	393	0.07
1182	1193	0.088
1193	1182	0.088
2252	1846	0.214
1846	2252	0.214
178	181	0.146
181	178	0.146
178	185	0.13
185	178	0.13
178	1188	0.195
1188	178	0.195
178	191	0.151
191	178	0.151
178	1163	0.099
1163	178	0.099
178	1960	0.082
1960	178	0.082
178	197	0.199
197	178	0.199
178	1198	0.174
1198	178	0.174
178	201	0.101
201	178	0.101
1359	2152	0.101
2152	1359	0.101
1359	1811	0.11
1811	1359	0.11
1359	2171	0.126
2171	1359	0.126
2646	2166	0.289
2166	2646	0.289
2646	1805	0.224
1805	2646	0.224
2647	2165	0.108
2165	2647	0.108
630	1602	0.093
1602	630	0.093
2105	2038	0.134
2038	2105	0.134
2105	690	0.058
690	2105	0.058
2105	2106	0.045
2106	2105	0.045
2105	2107	0.138
2107	2105	0.138
2105	2109	0.029
2109	2105	0.029
2105	2111	0.038
2111	2105	0.038
2011	1883	0.103
1883	2011	0.103
2011	2090	0.164
2090	2011	0.164
2011	394	0.224
394	2011	0.224
2011	2012	0.147
2012	2011	0.147
2011	1884	0.093
1884	2011	0.093
2011	1885	0.128
1885	2011	0.128
2011	2013	0.142
2013	2011	0.142
2011	1886	0.123
1886	2011	0.123
2011	1887	0.144
1887	2011	0.144
2011	2539	0.193
2539	2011	0.193
1360	1655	0.082
1655	1360	0.082
1360	1007	0.206
1007	1360	0.206
2149	2581	0.057
2581	2149	0.057
2149	2637	0.057
2637	2149	0.057
2149	2577	0.038
2577	2149	0.038
2149	2597	0.058
2597	2149	0.058
2149	2578	0.067
2578	2149	0.067
2149	2156	0.035
2156	2149	0.035
2038	1250	0.041
1250	2038	0.041
2038	2107	0.18
2107	2038	0.18
2038	1251	0.045
1251	2038	0.045
2038	2111	0.041
2111	2038	0.041
1883	2090	0.058
2090	1883	0.058
1883	2012	0.078
2012	1883	0.078
1883	1884	0.056
1884	1883	0.056
1883	1885	0.058
1885	1883	0.058
1883	1886	0.05
1886	1883	0.05
1883	1887	0.056
1887	1883	0.056
180	1864	0.263
1864	180	0.263
1864	1534	0.057
1534	1864	0.057
1864	1613	0.34
1613	1864	0.34
2150	2162	0.121
2162	2150	0.121
2150	2163	0.06
2163	2150	0.06
2075	2072	0.154
2072	2075	0.154
2152	1811	0.166
1811	2152	0.166
2152	2171	0.096
2171	2152	0.096
2591	2592	0.198
2592	2591	0.198
2591	2593	0.164
2593	2591	0.164
2591	2595	0.176
2595	2591	0.176
2090	2012	0.114
2012	2090	0.114
2090	1884	0.069
1884	2090	0.069
2090	1885	0.109
1885	2090	0.109
2090	2013	0.143
2013	2090	0.143
2090	1886	0.094
1886	2090	0.094
2090	1887	0.125
1887	2090	0.125
2090	2539	0.172
2539	2090	0.172
2122	2222	0.204
2222	2122	0.204
2122	2125	0.154
2125	2122	0.154
2122	2389	0.08
2389	2122	0.08
1416	1417	0.041
1417	1416	0.041
1416	465	0.025
465	1416	0.025
1416	1418	0.083
1418	1416	0.083
15	20	0.204
20	15	0.204
181	185	0.073
185	181	0.073
181	191	0.132
191	181	0.132
181	197	0.144
197	181	0.144
181	201	0.05
201	181	0.05
2154	2604	0.072
2604	2154	0.072
679	680	0.054
680	679	0.054
2155	2597	0.074
2597	2155	0.074
2155	2578	0.05
2578	2155	0.05
2155	2156	0.019
2156	2155	0.019
2060	2061	0.023
2061	2060	0.023
224	1266	0.08
1266	224	0.08
454	411	0.29
411	454	0.29
394	550	0.202
550	394	0.202
394	401	0.37
401	394	0.37
394	1567	0.351
1567	394	0.351
394	1568	0.353
1568	394	0.353
394	636	0.329
636	394	0.329
394	2648	0.224
2648	394	0.224
713	228	0.015
228	713	0.015
395	399	0.014
399	395	0.014
395	200	0.211
200	395	0.211
1599	1604	0.034
1604	1599	0.034
2249	2250	0.015
2250	2249	0.015
396	407	0.096
407	396	0.096
550	412	0.322
412	550	0.322
2618	2622	0.069
2622	2618	0.069
225	229	0.133
229	225	0.133
225	230	0.101
230	225	0.101
225	203	0.127
203	225	0.127
225	231	0.084
231	225	0.084
225	232	0.122
232	225	0.122
655	2160	0.181
2160	655	0.181
878	901	0.063
901	878	0.063
878	908	0.069
908	878	0.069
878	924	0.067
924	878	0.067
878	926	0.06
926	878	0.06
2645	2649	0.314
2649	2645	0.314
2027	2123	0.193
2123	2027	0.193
2027	2028	0.148
2028	2027	0.148
2027	2222	0.177
2222	2027	0.177
2027	2125	0.124
2125	2027	0.124
2027	1702	0.216
1702	2027	0.216
2027	2388	0.184
2388	2027	0.184
2027	2032	0.147
2032	2027	0.147
2027	2223	0.139
2223	2027	0.139
2027	2389	0.161
2389	2027	0.161
781	787	0.032
787	781	0.032
714	152	0.147
152	714	0.147
956	226	0.259
226	956	0.259
956	233	0.478
233	956	0.478
956	469	0.181
469	956	0.181
500	503	0.018
503	500	0.018
226	404	0.313
404	226	0.313
226	233	0.519
233	226	0.519
226	469	0.306
469	226	0.306
226	1569	0.207
1569	226	0.207
1466	1235	0.355
1235	1466	0.355
1466	1897	0.22
1897	1466	0.22
1466	694	0.202
694	1466	0.202
1811	1705	0.048
1705	1811	0.048
1811	2171	0.043
2171	1811	0.043
183	478	0.269
478	183	0.269
183	196	0.042
196	183	0.042
183	485	0.204
485	183	0.204
2123	2388	0.151
2388	2123	0.151
2123	2032	0.357
2032	2123	0.357
2028	1696	0.098
1696	2028	0.098
2028	2125	0.174
2125	2028	0.174
2028	1702	0.229
1702	2028	0.229
2028	2388	0.193
2388	2028	0.193
2028	2032	0.156
2032	2028	0.156
2028	2223	0.167
2223	2028	0.167
2028	2389	0.123
2389	2028	0.123
1250	2107	0.068
2107	1250	0.068
1250	1251	0.038
1251	1250	0.038
2130	2131	0.015
2131	2130	0.015
2130	2132	0.015
2132	2130	0.015
1235	2112	0.059
2112	1235	0.059
1235	198	0.247
198	1235	0.247
1235	694	0.278
694	1235	0.278
1235	929	0.205
929	1235	0.205
1650	1651	0.215
1651	1650	0.215
2377	2650	0.332
2650	2377	0.332
690	2107	0.151
2107	690	0.151
690	2111	0.031
2111	690	0.031
456	477	0.017
477	456	0.017
1445	1446	0.079
1446	1445	0.079
2012	1884	0.083
1884	2012	0.083
2012	1885	0.09
1885	2012	0.09
2012	2013	0.127
2013	2012	0.127
2012	1886	0.118
1886	2012	0.118
2012	1887	0.114
1887	2012	0.114
2012	2539	0.153
2539	2012	0.153
1617	1409	0.033
1409	1617	0.033
72	2625	0.409
2625	72	0.409
1655	683	0.204
683	1655	0.204
1236	2107	0.163
2107	1236	0.163
1236	1254	0.014
1254	1236	0.014
2630	2631	0.022
2631	2630	0.022
881	882	0.028
882	881	0.028
2040	1133	0.246
1133	2040	0.246
2040	480	0.33
480	2040	0.33
1128	1841	0.208
1841	1128	0.208
1128	405	0.218
405	1128	0.218
184	398	0.229
398	184	0.229
1417	465	0.047
465	1417	0.047
1417	1418	0.124
1418	1417	0.124
185	191	0.121
191	185	0.121
185	197	0.14
197	185	0.14
1156	1157	0.117
1157	1156	0.117
1156	1159	0.145
1159	1156	0.145
1563	1986	0.237
1986	1563	0.237
2429	400	0.256
400	2429	0.256
2429	1133	0.22
1133	2429	0.22
2429	1162	0.273
1162	2429	0.273
2429	917	0.223
917	2429	0.223
2429	1144	0.225
1144	2429	0.225
659	83	0.052
83	659	0.052
1564	1565	0.014
1565	1564	0.014
1564	502	0.357
502	1564	0.357
1564	400	0.246
400	1564	0.246
1969	1970	0.027
1970	1969	0.027
643	782	0.024
782	643	0.024
2118	2120	0.018
2120	2118	0.018
1457	1841	0.202
1841	1457	0.202
1645	645	0.262
645	1645	0.262
1565	502	0.337
502	1565	0.337
1565	400	0.221
400	1565	0.221
1565	1567	0.207
1567	1565	0.207
1565	1568	0.2
1568	1565	0.2
2107	1251	0.125
1251	2107	0.125
2107	1254	0.176
1254	2107	0.176
1970	1971	0.038
1971	1970	0.038
1157	1159	0.176
1159	1157	0.176
398	508	0.29
508	398	0.29
136	147	0.197
147	136	0.197
16	139	0.019
139	16	0.019
459	1295	0.223
1295	459	0.223
2592	2595	0.049
2595	2592	0.049
2592	2596	0.165
2596	2592	0.165
1996	1997	0.042
1997	1996	0.042
2619	2622	0.077
2622	2619	0.077
2166	2253	0.345
2253	2166	0.345
2081	2082	0.017
2082	2081	0.017
2081	2084	0.017
2084	2081	0.017
2593	2596	0.186
2596	2593	0.186
1188	191	0.176
191	1188	0.176
1188	197	0.183
197	1188	0.183
1188	1198	0.074
1198	1188	0.074
1188	201	0.101
201	1188	0.101
123	126	0.025
126	123	0.025
124	125	0.017
125	124	0.017
1731	1704	0.215
1704	1731	0.215
259	262	0.143
262	259	0.143
1696	2222	0.141
2222	1696	0.141
1696	2125	0.166
2125	1696	0.166
1696	1702	0.146
1702	1696	0.146
1696	2032	0.126
2032	1696	0.126
1696	2223	0.168
2223	1696	0.168
1696	2389	0.14
2389	1696	0.14
399	200	0.217
200	399	0.217
2162	2163	0.153
2163	2162	0.153
2651	2125	0.23
2125	2651	0.23
887	898	0.059
898	887	0.059
887	915	0.032
915	887	0.032
887	924	0.126
924	887	0.126
887	926	0.04
926	887	0.04
2119	2120	0.112
2120	2119	0.112
229	230	0.112
230	229	0.112
229	203	0.098
203	229	0.098
229	231	0.103
231	229	0.103
229	232	0.132
232	229	0.132
1274	1275	0.169
1275	1274	0.169
1274	1276	0.195
1276	1274	0.195
1825	1826	0.014
1826	1825	0.014
1825	1829	0.042
1829	1825	0.042
1825	1753	0.046
1753	1825	0.046
1826	1829	0.04
1829	1826	0.04
1826	1753	0.046
1753	1826	0.046
716	725	0.013
725	716	0.013
2148	1723	0.083
1723	2148	0.083
230	203	0.118
203	230	0.118
230	231	0.065
231	230	0.065
230	232	0.107
232	230	0.107
2351	2516	0.051
2516	2351	0.051
1722	1581	0.028
1581	1722	0.028
938	940	0.023
940	938	0.023
502	400	0.276
400	502	0.276
502	405	0.276
405	502	0.276
502	198	0.346
198	502	0.346
2594	2595	0.05
2595	2594	0.05
2594	2596	0.166
2596	2594	0.166
1884	1885	0.083
1885	1884	0.083
1884	2013	0.125
2013	1884	0.125
1884	1886	0.088
1886	1884	0.088
1884	1887	0.09
1887	1884	0.09
1884	2539	0.093
2539	1884	0.093
1705	2171	0.05
2171	1705	0.05
2082	2084	0.014
2084	2082	0.014
2072	2076	0.161
2076	2072	0.161
400	405	0.035
405	400	0.035
400	1162	0.245
1162	400	0.245
400	474	0.387
474	400	0.387
400	409	0.038
409	400	0.038
400	1534	0.354
1534	400	0.354
400	1257	0.225
1257	400	0.225
2652	2061	0.011
2061	2652	0.011
1815	1816	0.013
1816	1815	0.013
1815	1817	0.013
1817	1815	0.013
77	88	0.013
88	77	0.013
77	90	0.013
90	77	0.013
401	128	0.296
128	401	0.296
401	636	0.222
636	401	0.222
2222	2125	0.173
2125	2222	0.173
2222	1702	0.192
1702	2222	0.192
2222	2032	0.16
2032	2222	0.16
2222	2223	0.145
2223	2222	0.145
2222	2389	0.21
2389	2222	0.21
203	231	0.079
231	203	0.079
203	232	0.146
232	203	0.146
962	963	0.13
963	962	0.13
962	965	0.203
965	962	0.203
662	663	0.045
663	662	0.045
1512	352	0.226
352	1512	0.226
231	232	0.07
232	231	0.07
108	109	0.226
109	108	0.226
1275	1276	0.225
1276	1275	0.225
1251	2111	0.048
2111	1251	0.048
1363	1241	0.02
1241	1363	0.02
1646	1648	0.016
1648	1646	0.016
2287	2176	0.234
2176	2287	0.234
1885	2013	0.142
2013	1885	0.142
1885	1886	0.081
1886	1885	0.081
1885	1887	0.055
1887	1885	0.055
1885	2539	0.055
2539	1885	0.055
1133	2643	0.282
2643	1133	0.282
1133	917	0.223
917	1133	0.223
1487	80	0.299
80	1487	0.299
1841	476	0.391
476	1841	0.391
1841	1144	0.206
1144	1841	0.206
1827	1830	0.045
1830	1827	0.045
2643	190	0.233
190	2643	0.233
2643	480	0.231
480	2643	0.231
1237	478	0.22
478	1237	0.22
328	2516	0.206
2516	328	0.206
1191	1195	0.448
1195	1191	0.448
1916	505	0.525
505	1916	0.525
465	1418	0.087
1418	465	0.087
1206	1207	0.147
1207	1206	0.147
466	474	0.227
474	466	0.227
466	1765	0.33
1765	466	0.33
2581	2577	0.066
2577	2581	0.066
2581	2597	0.06
2597	2581	0.06
2581	2578	0.057
2578	2581	0.057
2637	2597	0.06
2597	2637	0.06
1667	1669	0.147
1669	1667	0.147
989	990	0.058
990	989	0.058
233	469	0.466
469	233	0.466
1313	1314	0.014
1314	1313	0.014
1567	1568	0.014
1568	1567	0.014
898	905	0.04
905	898	0.04
898	907	0.06
907	898	0.06
898	915	0.056
915	898	0.056
898	926	0.076
926	898	0.076
2125	2032	0.196
2032	2125	0.196
2125	2223	0.157
2223	2125	0.157
2125	2389	0.183
2389	2125	0.183
2620	2622	0.055
2622	2620	0.055
191	1163	0.082
1163	191	0.082
191	1960	0.087
1960	191	0.087
191	197	0.183
197	191	0.183
191	1198	0.167
1198	191	0.167
191	201	0.082
201	191	0.082
963	965	0.103
965	963	0.103
634	637	0.039
637	634	0.039
2013	1886	0.123
1886	2013	0.123
2013	1887	0.154
1887	2013	0.154
2013	2539	0.202
2539	2013	0.202
192	1295	0.221
1295	192	0.221
2621	2622	0.053
2622	2621	0.053
1137	1061	0.294
1061	1137	0.294
901	908	0.153
908	901	0.153
901	918	0.154
918	901	0.154
901	922	0.102
922	901	0.102
901	924	0.097
924	901	0.097
2577	2597	0.074
2597	2577	0.074
2577	2578	0.062
2578	2577	0.062
405	409	0.055
409	405	0.055
405	507	0.202
507	405	0.202
405	1257	0.249
1257	405	0.249
683	506	0.348
506	683	0.348
2653	1399	0.316
1399	2653	0.316
1399	1418	0.251
1418	1399	0.251
589	590	0.138
590	589	0.138
589	592	0.108
592	589	0.108
905	915	0.079
915	905	0.079
406	1765	0.309
1765	406	0.309
1162	199	0.36
199	1162	0.36
1162	1257	0.237
1257	1162	0.237
590	592	0.181
592	590	0.181
1886	1887	0.068
1887	1886	0.068
907	915	0.06
915	907	0.06
2131	2132	0.015
2132	2131	0.015
474	479	0.115
479	474	0.115
474	1257	0.38
1257	474	0.38
1163	1960	0.058
1960	1163	0.058
1163	197	0.1
197	1163	0.1
1163	1198	0.095
1198	1163	0.095
1163	201	0.064
201	1163	0.064
506	198	0.267
198	506	0.267
506	1418	0.288
1418	506	0.288
476	478	0.054
478	476	0.054
476	485	0.115
485	476	0.115
408	412	0.093
412	408	0.093
1254	196	0.231
196	1254	0.231
1887	2539	0.021
2539	1887	0.021
478	196	0.258
196	478	0.258
478	485	0.102
485	478	0.102
1702	2223	0.202
2223	1702	0.202
1702	2389	0.189
2389	1702	0.189
236	238	0.02
238	236	0.02
908	918	0.027
918	908	0.027
908	922	0.121
922	908	0.121
1495	1496	0.015
1496	1495	0.015
262	768	0.26
768	262	0.26
1960	197	0.099
197	1960	0.099
1960	1198	0.096
1198	1960	0.096
1960	201	0.052
201	1960	0.052
2112	694	0.205
694	2112	0.205
2388	2032	0.222
2032	2388	0.222
2032	2223	0.207
2223	2032	0.207
2032	2389	0.122
2389	2032	0.122
1765	201	0.395
201	1765	0.395
2416	2176	0.379
2176	2416	0.379
479	201	0.306
201	479	0.306
2597	2578	0.052
2578	2597	0.052
409	412	0.269
412	409	0.269
1829	1753	0.027
1753	1829	0.027
2595	2596	0.183
2596	2595	0.183
1816	1817	0.013
1817	1816	0.013
88	90	0.013
90	88	0.013
915	918	0.078
918	915	0.078
915	924	0.113
924	915	0.113
197	1198	0.187
1198	197	0.187
197	201	0.062
201	197	0.062
198	1061	0.306
1061	198	0.306
481	1006	0.25
1006	481	0.25
199	412	0.247
412	199	0.247
918	922	0.125
922	918	0.125
918	924	0.125
924	918	0.125
2223	2389	0.17
2389	2223	0.17
636	1061	0.208
1061	636	0.208
1367	1380	0.093
1380	1367	0.093
508	1257	0.302
1257	508	0.302
1198	201	0.107
201	1198	0.107
